1.1000000000000001 14.3512
1.1100000000000001 14.3512
1.1200000000000001 14.3512
1.1300000000000001 14.3512
1.1400000000000001 14.3512
1.1500000000000001 14.3512
1.1600000000000001 14.3512
1.1700000000000002 14.3512
1.1800000000000002 14.3512
1.1900000000000002 14.3512
1.2000000000000002 14.3512
1.2100000000000002 14.3512
1.2200000000000002 14.3512
1.2300000000000002 14.3512
1.2400000000000002 14.3512
1.2500000000000002 14.3512
1.2600000000000002 14.3512
1.2700000000000002 14.3512
1.2800000000000002 14.3512
1.2900000000000003 14.3512
1.3000000000000003 14.3512
1.3100000000000003 14.3512
1.3200000000000003 14.3512
1.3300000000000003 14.3512
1.3400000000000003 14.3512
1.3500000000000003 14.3512
1.3600000000000003 14.3512
1.3700000000000003 14.3512
1.3800000000000003 14.3512
1.3900000000000003 14.3512
1.4000000000000004 14.3512
1.4100000000000004 14.3512
1.4200000000000004 14.3512
1.4300000000000004 14.3512
1.4400000000000004 14.3512
1.4500000000000004 14.3512
1.4600000000000004 14.3512
1.4700000000000004 14.3512
1.4800000000000004 14.3512
1.4900000000000004 14.3512
1.5000000000000004 14.3512
1.5100000000000005 14.3512
1.5200000000000005 14.3512
1.5300000000000005 14.3512
1.5400000000000005 14.3512
1.5500000000000005 14.3512
1.5600000000000005 14.3512
1.5700000000000005 14.3512
1.5800000000000005 14.3512
1.5900000000000005 14.3512
1.6000000000000005 14.3512
1.6100000000000005 14.3512
1.6200000000000006 14.3512
1.6300000000000006 14.3512
1.6400000000000006 14.3512
1.6500000000000006 14.3512
1.6600000000000006 14.3512
1.6700000000000006 14.3512
1.6800000000000006 14.3512
1.6900000000000006 14.3512
1.7000000000000006 14.3512
1.7100000000000006 14.3512
1.7200000000000006 14.3512
1.7300000000000006 14.3512
1.7400000000000007 14.3512
1.7500000000000007 14.3512
1.7600000000000007 14.3512
1.7700000000000007 14.3512
1.7800000000000007 14.3512
1.7900000000000007 14.3512
1.8000000000000007 14.3512
1.8100000000000007 14.3512
1.8200000000000007 14.3512
1.8300000000000007 14.3512
1.8400000000000007 14.3512
1.8500000000000008 14.3512
1.8600000000000008 14.3512
1.8700000000000008 14.3512
1.8800000000000008 14.3512
1.8900000000000008 14.3512
1.9000000000000008 14.3512
1.9100000000000008 14.3512
1.9200000000000008 14.3512
1.9300000000000008 14.3512
1.9400000000000008 14.3512
1.9500000000000008 14.3512
1.9600000000000009 14.3512
1.9700000000000009 14.3512
1.9800000000000009 14.3512
1.9900000000000009 14.3512
2.0000000000000009 14.3512
2.0100000000000007 14.3512
2.0200000000000005 14.3512
2.0300000000000002 14.3512
2.04 14.3512
2.0499999999999998 14.3512
2.0599999999999996 14.3512
2.0699999999999994 14.3512
2.0799999999999992 14.3512
2.089999999999999 14.3512
2.0999999999999988 14.3512
2.1099999999999985 14.3512
2.1199999999999983 14.3512
2.1299999999999981 14.3512
2.1399999999999979 14.3512
2.1499999999999977 14.3512
2.1599999999999975 14.3512
2.1699999999999973 14.3512
2.1799999999999971 14.3512
2.1899999999999968 14.3512
2.1999999999999966 14.3512
2.2099999999999964 14.3512
2.2199999999999962 14.3512
2.229999999999996 14.3512
2.2399999999999958 14.3512
2.2499999999999956 14.3512
2.2599999999999953 14.3512
2.2699999999999951 14.3512
2.2799999999999949 14.3512
2.2899999999999947 14.3512
2.2999999999999945 14.3512
2.3099999999999943 14.3512
2.3199999999999941 14.3512
2.3299999999999939 14.3512
2.3399999999999936 14.3512
2.3499999999999934 14.3512
2.3599999999999932 14.3512
2.369999999999993 14.3512
2.3799999999999928 14.3512
2.3899999999999926 14.3512
2.3999999999999924 14.3512
2.4099999999999921 14.3512
2.4199999999999919 14.3512
2.4299999999999917 14.3512
2.4399999999999915 14.3512
2.4499999999999913 14.3512
2.4599999999999911 14.3512
2.4699999999999909 14.3512
2.4799999999999907 14.3512
2.4899999999999904 14.3512
2.4999999999999902 14.3512
2.50999999999999 14.3512
2.5199999999999898 14.3512
2.5299999999999896 14.3512
2.5399999999999894 14.3512
2.5499999999999892 14.3512
2.559999999999989 14.3512
2.5699999999999887 14.3512
2.5799999999999885 14.3512
2.5899999999999883 14.3512
2.5999999999999881 14.3512
2.6099999999999879 14.3512
2.6199999999999877 14.3512
2.6299999999999875 14.3512
2.6399999999999872 14.3512
2.649999999999987 14.3512
2.6599999999999868 14.3512
2.6699999999999866 14.3512
2.6799999999999864 14.3512
2.6899999999999862 14.3512
2.699999999999986 14.3512
2.7099999999999858 14.3512
2.7199999999999855 14.3512
2.7299999999999853 14.3512
2.7399999999999851 14.3512
2.7499999999999849 14.3512
2.7599999999999847 14.3512
2.7699999999999845 14.3512
2.7799999999999843 14.3512
2.789999999999984 14.3512
2.7999999999999838 14.3512
2.8099999999999836 14.3512
2.8199999999999834 14.3512
2.8299999999999832 14.3512
2.839999999999983 14.3512
2.8499999999999828 14.3512
2.8599999999999826 14.3512
2.8699999999999823 14.3512
2.8799999999999821 14.3512
2.8899999999999819 14.3512
2.8999999999999817 14.3512
2.9099999999999815 14.3512
2.9199999999999813 14.3512
2.9299999999999811 14.3512
2.9399999999999809 14.3512
2.9499999999999806 14.3512
2.9599999999999804 14.3512
2.9699999999999802 14.3512
2.97999999999998 14.3512
2.9899999999999798 14.3512
2.9999999999999796 14.3512
3.0099999999999794 14.3512
3.0199999999999791 14.3512
3.0299999999999789 14.3512
3.0399999999999787 14.3512
3.0499999999999785 14.3512
3.0599999999999783 14.3512
3.0699999999999781 14.3512
3.0799999999999779 14.3512
3.0899999999999777 14.3512
3.0999999999999774 14.3512
3.1099999999999772 14.3512
3.119999999999977 14.3512
3.1299999999999768 14.3512
3.1399999999999766 14.3512
3.1499999999999764 14.3512
3.1599999999999762 14.3512
3.1699999999999759 14.3512
3.1799999999999757 14.3512
3.1899999999999755 13.3512
3.1999999999999753 13.3512
3.2099999999999751 13.3512
3.2199999999999749 13.3512
3.2299999999999747 13.3512
3.2399999999999745 13.3512
3.2499999999999742 13.3512
3.259999999999974 13.3512
3.2699999999999738 13.3512
3.2799999999999736 12.3512
3.2899999999999734 12.3512
3.2999999999999732 12.3512
3.309999999999973 12.3512
3.3199999999999728 12.3512
3.3299999999999725 12.3512
3.3399999999999723 12.3512
3.3499999999999721 12.3512
3.3599999999999719 12.3512
3.3699999999999717 11.3512
3.3799999999999715 11.3512
3.3899999999999713 11.3512
3.399999999999971 11.3512
3.4099999999999708 11.3512
3.4199999999999706 11.3512
3.4299999999999704 11.3512
3.4399999999999702 11.3512
3.44999999999997 11.3512
3.4599999999999698 11.3512
3.4699999999999696 11.3512
3.4799999999999693 11.3512
3.4899999999999691 11.3512
3.4999999999999689 11.3512
3.5099999999999687 11.3512
3.5199999999999685 11.3512
3.5299999999999683 11.3512
3.5399999999999681 11.3512
3.5499999999999678 10.3512
3.5599999999999676 10.3512
3.5699999999999674 10.3512
3.5799999999999672 10.3512
3.589999999999967 10.3512
3.5999999999999668 10.3512
3.6099999999999666 10.3512
3.6199999999999664 10.3512
3.6299999999999661 10.3512
3.6399999999999659 10.3512
3.6499999999999657 10.3512
3.6599999999999655 10.3512
3.6699999999999653 9.35124
3.6799999999999651 9.35124
3.6899999999999649 9.35124
3.6999999999999647 9.35124
3.7099999999999644 9.35124
3.7199999999999642 9.35124
3.729999999999964 9.35124
3.7399999999999638 9.35124
3.7499999999999636 9.35124
3.7599999999999634 9.35124
3.7699999999999632 9.35124
3.7799999999999629 9.35124
3.7899999999999627 8.35124
3.7999999999999625 8.35124
3.8099999999999623 8.35124
3.8199999999999621 8.35124
3.8299999999999619 8.35124
3.8399999999999617 8.35124
3.8499999999999615 8.35124
3.8599999999999612 8.35124
3.869999999999961 8.35124
3.8799999999999608 8.35124
3.8899999999999606 7.35124
3.8999999999999604 7.35124
3.9099999999999602 7.35124
3.91999999999996 7.35124
3.9299999999999597 7.35124
3.9399999999999595 7.35124
3.9499999999999593 7.35124
3.9599999999999591 7.35124
3.9699999999999589 7.35124
3.9799999999999587 7.35124
3.9899999999999585 7.35124
3.9999999999999583 7.35124
4.009999999999958 7.35124
4.0199999999999578 7.35124
4.0299999999999576 7.35124
4.0399999999999574 7.35124
4.0499999999999572 7.35124
4.059999999999957 7.35124
4.0699999999999568 7.35124
4.0799999999999566 7.35124
4.0899999999999563 7.35124
4.0999999999999561 7.35124
4.1099999999999559 7.35124
4.1199999999999557 7.35124
4.1299999999999555 7.35124
4.1399999999999553 7.35124
4.1499999999999551 7.35124
4.1599999999999548 7.35124
4.1699999999999546 7.35124
4.1799999999999544 7.35124
4.1899999999999542 7.35124
4.199999999999954 7.35124
4.2099999999999538 7.35124
4.2199999999999536 7.35124
4.2299999999999534 7.35124
4.2399999999999531 7.35124
4.2499999999999529 7.35124
4.2599999999999527 7.35124
4.2699999999999525 7.35124
4.2799999999999523 7.35124
4.2899999999999521 7.35124
4.2999999999999519 7.35124
4.3099999999999516 7.35124
4.3199999999999514 7.35124
4.3299999999999512 7.35124
4.339999999999951 7.35124
4.3499999999999508 7.35124
4.3599999999999506 7.35124
4.3699999999999504 7.35124
4.3799999999999502 7.35124
4.3899999999999499 7.35124
4.3999999999999497 7.35124
4.4099999999999495 7.35124
4.4199999999999493 7.35124
4.4299999999999491 7.35124
4.4399999999999489 7.35124
4.4499999999999487 7.35124
4.4599999999999485 7.35124
4.4699999999999482 7.35124
4.479999999999948 7.35124
4.4899999999999478 7.35124
4.4999999999999476 7.35124
4.5099999999999474 7.35124
4.5199999999999472 7.35124
4.529999999999947 7.35124
4.5399999999999467 7.35124
4.5499999999999465 7.35124
4.5599999999999463 7.35124
4.5699999999999461 7.35124
4.5799999999999459 7.35124
4.5899999999999457 7.35124
4.5999999999999455 7.35124
4.6099999999999453 7.35124
4.619999999999945 7.35124
4.6299999999999448 7.35124
4.6399999999999446 7.35124
4.6499999999999444 7.35124
4.6599999999999442 7.35124
4.669999999999944 7.35124
4.6799999999999438 7.35124
4.6899999999999435 7.35124
4.6999999999999433 7.35124
4.7099999999999431 7.35124
4.7199999999999429 7.35124
4.7299999999999427 7.35124
4.7399999999999425 7.35124
4.7499999999999423 7.35124
4.7599999999999421 7.35124
4.7699999999999418 7.35124
4.7799999999999416 7.35124
4.7899999999999414 7.35124
4.7999999999999412 7.35124
4.809999999999941 7.35124
4.8199999999999408 7.35124
4.8299999999999406 7.35124
4.8399999999999403 7.35124
4.8499999999999401 7.35124
4.8599999999999399 7.35124
4.8699999999999397 7.35124
4.8799999999999395 7.35124
4.8899999999999393 7.35124
4.8999999999999391 7.35124
4.9099999999999389 7.35124
4.9199999999999386 7.35124
4.9299999999999384 7.35124
4.9399999999999382 7.35124
4.949999999999938 7.35124
4.9599999999999378 7.35124
4.9699999999999376 7.35124
4.9799999999999374 7.35124
4.9899999999999372 7.35124
4.9999999999999369 7.35124
5.0099999999999367 7.35124
5.0199999999999365 7.35124
5.0299999999999363 7.35124
5.0399999999999361 7.35124
5.0499999999999359 7.35124
5.0599999999999357 7.35124
5.0699999999999354 7.35124
5.0799999999999352 7.35124
5.089999999999935 7.35124
5.0999999999999348 7.35124
5.1099999999999346 7.35124
5.1199999999999344 7.35124
5.1299999999999342 7.35124
5.139999999999934 7.35124
5.1499999999999337 7.35124
5.1599999999999335 7.35124
5.1699999999999333 7.35124
5.1799999999999331 7.35124
5.1899999999999329 7.35124
5.1999999999999327 7.35124
5.2099999999999325 7.35124
5.2199999999999322 7.35124
5.229999999999932 7.35124
5.2399999999999318 7.35124
5.2499999999999316 7.35124
5.2599999999999314 7.35124
5.2699999999999312 7.35124
5.279999999999931 7.35124
5.2899999999999308 7.35124
5.2999999999999305 7.35124
5.3099999999999303 7.35124
5.3199999999999301 7.35124
5.3299999999999299 7.35124
5.3399999999999297 7.35124
5.3499999999999295 7.35124
5.3599999999999293 7.35124
5.3699999999999291 7.35124
5.3799999999999288 7.35124
5.3899999999999286 7.35124
5.3999999999999284 7.35124
5.4099999999999282 7.35124
5.419999999999928 7.35124
5.4299999999999278 7.35124
5.4399999999999276 7.35124
5.4499999999999273 7.35124
5.4599999999999271 7.35124
5.4699999999999269 7.35124
5.4799999999999267 7.35124
5.4899999999999265 7.35124
5.4999999999999263 7.35124
5.5099999999999261 7.35124
5.5199999999999259 7.35124
5.5299999999999256 7.35124
5.5399999999999254 7.35124
5.5499999999999252 7.35124
5.559999999999925 7.35124
5.5699999999999248 7.35124
5.5799999999999246 7.35124
5.5899999999999244 7.35124
5.5999999999999241 7.35124
5.6099999999999239 7.35124
5.6199999999999237 7.35124
5.6299999999999235 7.35124
5.6399999999999233 7.35124
5.6499999999999231 7.35124
5.6599999999999229 7.35124
5.6699999999999227 7.35124
5.6799999999999224 7.35124
5.6899999999999222 7.35124
5.699999999999922 7.35124
5.7099999999999218 7.35124
5.7199999999999216 7.35124
5.7299999999999214 7.35124
5.7399999999999212 7.35124
5.749999999999921 7.35124
5.7599999999999207 7.35124
5.7699999999999205 7.35124
5.7799999999999203 7.35124
5.7899999999999201 7.35124
5.7999999999999199 7.35124
5.8099999999999197 7.35124
5.8199999999999195 7.35124
5.8299999999999192 7.35124
5.839999999999919 7.35124
5.8499999999999188 7.35124
5.8599999999999186 7.35124
5.8699999999999184 7.35124
5.8799999999999182 7.35124
5.889999999999918 7.35124
5.8999999999999178 7.35124
5.9099999999999175 7.35124
5.9199999999999173 7.35124
5.9299999999999171 7.35124
5.9399999999999169 7.35124
5.9499999999999167 7.35124
5.9599999999999165 7.35124
5.9699999999999163 7.35124
5.979999999999916 7.35124
5.9899999999999158 7.35124
5.9999999999999156 7.35124
6.0099999999999154 7.35124
6.0199999999999152 7.35124
6.029999999999915 7.35124
6.0399999999999148 7.35124
6.0499999999999146 7.35124
6.0599999999999143 7.35124
6.0699999999999141 7.35124
6.0799999999999139 7.35124
6.0899999999999137 7.35124
6.0999999999999135 7.35124
6.1099999999999133 7.35124
6.1199999999999131 7.35124
6.1299999999999129 7.35124
6.1399999999999126 7.35124
6.1499999999999124 7.35124
6.1599999999999122 7.35124
6.169999999999912 7.35124
6.1799999999999118 7.35124
6.1899999999999116 7.35124
6.1999999999999114 7.35124
6.2099999999999111 7.35124
6.2199999999999109 7.35124
6.2299999999999107 7.35124
6.2399999999999105 7.35124
6.2499999999999103 7.35124
6.2599999999999101 7.35124
6.2699999999999099 7.35124
6.2799999999999097 7.35124
6.2899999999999094 7.35124
6.2999999999999092 7.35124
6.309999999999909 7.35124
6.3199999999999088 7.35124
6.3299999999999086 7.35124
6.3399999999999084 7.35124
6.3499999999999082 7.35124
6.3599999999999079 7.35124
6.3699999999999077 7.35124
6.3799999999999075 7.35124
6.3899999999999073 7.35124
6.3999999999999071 7.35124
6.4099999999999069 7.35124
6.4199999999999067 7.35124
6.4299999999999065 7.35124
6.4399999999999062 7.35124
6.449999999999906 7.35124
6.4599999999999058 7.35124
6.4699999999999056 7.35124
6.4799999999999054 7.35124
6.4899999999999052 7.35124
6.499999999999905 7.35124
6.5099999999999048 7.35124
6.5199999999999045 7.35124
6.5299999999999043 7.35124
6.5399999999999041 7.35124
6.5499999999999039 7.35124
6.5599999999999037 7.35124
6.5699999999999035 7.35124
6.5799999999999033 7.35124
6.589999999999903 7.35124
6.5999999999999028 7.35124
6.6099999999999026 7.35124
6.6199999999999024 7.35124
6.6299999999999022 7.35124
6.639999999999902 7.35124
6.6499999999999018 7.35124
6.6599999999999016 7.35124
6.6699999999999013 7.35124
6.6799999999999011 7.35124
6.6899999999999009 7.35124
6.6999999999999007 7.35124
6.7099999999999005 7.35124
6.7199999999999003 7.35124
6.7299999999999001 7.35124
6.7399999999998998 7.35124
6.7499999999998996 7.35124
6.7599999999998994 7.35124
6.7699999999998992 7.35124
6.779999999999899 7.35124
6.7899999999998988 7.35124
6.7999999999998986 7.35124
6.8099999999998984 7.35124
6.8199999999998981 7.35124
6.8299999999998979 7.35124
6.8399999999998977 7.35124
6.8499999999998975 7.35124
6.8599999999998973 7.35124
6.8699999999998971 7.35124
6.8799999999998969 7.35124
6.8899999999998967 7.35124
6.8999999999998964 7.35124
6.9099999999998962 7.35124
6.919999999999896 7.35124
6.9299999999998958 7.35124
6.9399999999998956 7.35124
6.9499999999998954 7.35124
6.9599999999998952 7.35124
6.9699999999998949 7.35124
6.9799999999998947 7.35124
6.9899999999998945 7.35124
6.9999999999998943 7.35124
7.0099999999998941 7.35124
7.0199999999998939 7.35124
7.0299999999998937 7.35124
7.0399999999998935 7.35124
7.0499999999998932 7.35124
7.059999999999893 7.35124
7.0699999999998928 7.35124
7.0799999999998926 7.35124
7.0899999999998924 7.35124
7.0999999999998922 7.35124
7.109999999999892 7.35124
7.1199999999998917 7.35124
7.1299999999998915 7.35124
7.1399999999998913 7.35124
7.1499999999998911 7.35124
7.1599999999998909 7.35124
7.1699999999998907 7.35124
7.1799999999998905 7.35124
7.1899999999998903 7.35124
7.19999999999989 7.35124
7.2099999999998898 7.35124
7.2199999999998896 7.35124
7.2299999999998894 7.35124
7.2399999999998892 7.35124
7.249999999999889 7.35124
7.2599999999998888 7.35124
7.2699999999998886 7.35124
7.2799999999998883 7.35124
7.2899999999998881 7.35124
7.2999999999998879 7.35124
7.3099999999998877 7.35124
7.3199999999998875 7.35124
7.3299999999998873 7.35124
7.3399999999998871 7.35124
7.3499999999998868 7.35124
7.3599999999998866 7.35124
7.3699999999998864 7.35124
7.3799999999998862 7.35124
7.389999999999886 7.35124
7.3999999999998858 7.35124
7.4099999999998856 7.35124
7.4199999999998854 7.35124
7.4299999999998851 7.35124
7.4399999999998849 7.35124
7.4499999999998847 7.35124
7.4599999999998845 7.35124
7.4699999999998843 7.35124
7.4799999999998841 7.35124
7.4899999999998839 7.35124
7.4999999999998836 7.35124
7.5099999999998834 7.35124
7.5199999999998832 7.35124
7.529999999999883 7.35124
7.5399999999998828 7.35124
7.5499999999998826 7.35124
7.5599999999998824 7.35124
7.5699999999998822 7.35124
7.5799999999998819 7.35124
7.5899999999998817 7.35124
7.5999999999998815 7.35124
7.6099999999998813 7.35124
7.6199999999998811 7.35124
7.6299999999998809 7.35124
7.6399999999998807 7.35124
7.6499999999998805 7.35124
7.6599999999998802 7.35124
7.66999999999988 7.35124
7.6799999999998798 7.35124
7.6899999999998796 7.35124
7.6999999999998794 7.35124
7.7099999999998792 7.35124
7.719999999999879 7.35124
7.7299999999998787 7.35124
7.7399999999998785 7.35124
7.7499999999998783 7.35124
7.7599999999998781 7.35124
7.7699999999998779 7.35124
7.7799999999998777 7.35124
7.7899999999998775 7.35124
7.7999999999998773 7.35124
7.809999999999877 7.35124
7.8199999999998768 7.35124
7.8299999999998766 7.35124
7.8399999999998764 7.35124
7.8499999999998762 7.35124
7.859999999999876 7.35124
7.8699999999998758 7.35124
7.8799999999998755 7.35124
7.8899999999998753 7.35124
7.8999999999998751 7.35124
7.9099999999998749 7.35124
7.9199999999998747 7.35124
7.9299999999998745 7.35124
7.9399999999998743 7.35124
7.9499999999998741 7.35124
7.9599999999998738 7.35124
7.9699999999998736 7.35124
7.9799999999998734 7.35124
7.9899999999998732 7.35124
7.999999999999873 7.35124
8.0099999999998737 7.35124
8.0199999999998735 7.35124
8.0299999999998732 7.35124
8.039999999999873 7.35124
8.0499999999998728 7.35124
8.0599999999998726 7.35124
8.0699999999998724 7.35124
8.0799999999998722 7.35124
8.089999999999872 7.35124
8.0999999999998717 7.35124
8.1099999999998715 7.35124
8.1199999999998713 7.35124
8.1299999999998711 7.35124
8.1399999999998709 7.35124
8.1499999999998707 7.35124
8.1599999999998705 7.35124
8.1699999999998703 7.35124
8.17999999999987 7.35124
8.1899999999998698 7.35124
8.1999999999998696 7.35124
8.2099999999998694 7.35124
8.2199999999998692 7.35124
8.229999999999869 7.35124
8.2399999999998688 7.35124
8.2499999999998685 7.35124
8.2599999999998683 7.35124
8.2699999999998681 7.35124
8.2799999999998679 7.35124
8.2899999999998677 7.35124
8.2999999999998675 7.35124
8.3099999999998673 7.35124
8.3199999999998671 7.35124
8.3299999999998668 7.35124
8.3399999999998666 7.35124
8.3499999999998664 7.35124
8.3599999999998662 7.35124
8.369999999999866 7.35124
8.3799999999998658 7.35124
8.3899999999998656 7.35124
8.3999999999998654 7.35124
8.4099999999998651 7.35124
8.4199999999998649 7.35124
8.4299999999998647 7.35124
8.4399999999998645 7.35124
8.4499999999998643 7.35124
8.4599999999998641 7.35124
8.4699999999998639 7.35124
8.4799999999998636 7.35124
8.4899999999998634 7.35124
8.4999999999998632 7.35124
8.509999999999863 7.35124
8.5199999999998628 7.35124
8.5299999999998626 7.35124
8.5399999999998624 7.35124
8.5499999999998622 7.35124
8.5599999999998619 7.35124
8.5699999999998617 7.35124
8.5799999999998615 7.35124
8.5899999999998613 7.35124
8.5999999999998611 7.35124
8.6099999999998609 7.35124
8.6199999999998607 7.35124
8.6299999999998604 7.35124
8.6399999999998602 7.35124
8.64999999999986 7.35124
8.6599999999998598 7.35124
8.6699999999998596 7.35124
8.6799999999998594 7.35124
8.6899999999998592 7.35124
8.699999999999859 7.35124
8.7099999999998587 7.35124
8.7199999999998585 7.35124
8.7299999999998583 7.35124
8.7399999999998581 7.35124
8.7499999999998579 7.35124
8.7599999999998577 7.35124
8.7699999999998575 7.35124
8.7799999999998573 7.35124
8.789999999999857 7.35124
8.7999999999998568 7.35124
8.8099999999998566 7.35124
8.8199999999998564 7.35124
8.8299999999998562 7.35124
8.839999999999856 7.35124
8.8499999999998558 7.35124
8.8599999999998555 7.35124
8.8699999999998553 7.35124
8.8799999999998551 7.35124
8.8899999999998549 7.35124
8.8999999999998547 7.35124
8.9099999999998545 7.35124
8.9199999999998543 7.35124
8.9299999999998541 7.35124
8.9399999999998538 7.35124
8.9499999999998536 7.35124
8.9599999999998534 7.35124
8.9699999999998532 7.35124
8.979999999999853 7.35124
8.9899999999998528 7.35124
8.9999999999998526 7.35124
9.0099999999998523 7.35124
9.0199999999998521 7.35124
9.0299999999998519 7.35124
9.0399999999998517 7.35124
9.0499999999998515 7.35124
9.0599999999998513 7.35124
9.0699999999998511 7.35124
9.0799999999998509 7.35124
9.0899999999998506 7.35124
9.0999999999998504 7.35124
9.1099999999998502 7.35124
9.11999999999985 7.35124
9.1299999999998498 7.35124
9.1399999999998496 7.35124
9.1499999999998494 7.35124
9.1599999999998492 7.35124
9.1699999999998489 7.35124
9.1799999999998487 7.35124
9.1899999999998485 7.35124
9.1999999999998483 7.35124
9.2099999999998481 7.35124
9.2199999999998479 7.35124
9.2299999999998477 7.35124
9.2399999999998474 7.35124
9.2499999999998472 7.35124
9.259999999999847 7.35124
9.2699999999998468 7.35124
9.2799999999998466 7.35124
9.2899999999998464 7.35124
9.2999999999998462 7.35124
9.309999999999846 7.35124
9.3199999999998457 7.35124
9.3299999999998455 7.35124
9.3399999999998453 7.35124
9.3499999999998451 7.35124
9.3599999999998449 7.35124
9.3699999999998447 7.35124
9.3799999999998445 7.35124
9.3899999999998442 7.35124
9.399999999999844 7.35124
9.4099999999998438 7.35124
9.4199999999998436 7.35124
9.4299999999998434 7.35124
9.4399999999998432 7.35124
9.449999999999843 7.35124
9.4599999999998428 7.35124
9.4699999999998425 7.35124
9.4799999999998423 7.35124
9.4899999999998421 7.35124
9.4999999999998419 7.35124
9.5099999999998417 7.35124
9.5199999999998415 7.35124
9.5299999999998413 7.35124
9.5399999999998411 7.35124
9.5499999999998408 7.35124
9.5599999999998406 7.35124
9.5699999999998404 7.35124
9.5799999999998402 7.35124
9.58999999999984 7.35124
9.5999999999998398 7.35124
9.6099999999998396 7.35124
9.6199999999998393 7.35124
9.6299999999998391 7.35124
9.6399999999998389 7.35124
9.6499999999998387 7.35124
9.6599999999998385 7.35124
9.6699999999998383 7.35124
9.6799999999998381 7.35124
9.6899999999998379 7.35124
9.6999999999998376 7.35124
9.7099999999998374 7.35124
9.7199999999998372 7.35124
9.729999999999837 7.35124
9.7399999999998368 7.35124
9.7499999999998366 7.35124
9.7599999999998364 7.35124
9.7699999999998361 7.35124
9.7799999999998359 7.35124
9.7899999999998357 7.35124
9.7999999999998355 7.35124
9.8099999999998353 7.35124
9.8199999999998351 7.35124
9.8299999999998349 7.35124
9.8399999999998347 7.35124
9.8499999999998344 7.35124
9.8599999999998342 7.35124
9.869999999999834 7.35124
9.8799999999998338 7.35124
9.8899999999998336 7.35124
9.8999999999998334 7.35124
9.9099999999998332 7.35124
9.919999999999833 7.35124
9.9299999999998327 7.35124
9.9399999999998325 7.35124
9.9499999999998323 7.35124
9.9599999999998321 7.35124
9.9699999999998319 7.35124
9.9799999999998317 7.35124
9.9899999999998315 7.35124
9.9999999999998312 7.35124
