1.1000000000000001 22.7908
1.1100000000000001 22.8784
1.1200000000000001 22.9658
1.1300000000000001 23.0528
1.1400000000000001 23.1394
1.1500000000000001 23.1827
1.1600000000000001 23.2689
1.1700000000000002 23.3547
1.1800000000000002 23.4403
1.1900000000000002 23.5255
1.2000000000000002 23.568
1.2100000000000002 23.6528
1.2200000000000002 23.7373
1.2300000000000002 23.8215
1.2400000000000002 23.9054
1.2500000000000002 23.9472
1.2600000000000002 24.0306
1.2700000000000002 24.1138
1.2800000000000002 24.1967
1.2900000000000003 24.2793
1.3000000000000003 24.3616
1.3100000000000003 24.4026
1.3200000000000003 24.4845
1.3300000000000003 24.5661
1.3400000000000003 24.6475
1.3500000000000003 24.7285
1.3600000000000003 24.769
1.3700000000000003 24.8497
1.3800000000000003 24.9301
1.3900000000000003 25.0102
1.4000000000000004 25.0901
1.4100000000000004 25.13
1.4200000000000004 25.2095
1.4300000000000004 25.2888
1.4400000000000004 25.3678
1.4500000000000004 25.4466
1.4600000000000004 25.4859
1.4700000000000004 25.5643
1.4800000000000004 25.6425
1.4900000000000004 25.7204
1.5000000000000004 25.7981
1.5100000000000005 25.8369
1.5200000000000005 25.9142
1.5300000000000005 25.9914
1.5400000000000005 26.0682
1.5500000000000005 26.1449
1.5600000000000005 26.1832
1.5700000000000005 26.2595
1.5800000000000005 26.3356
1.5900000000000005 26.4115
1.6000000000000005 26.4872
1.6100000000000005 26.5249
1.6200000000000006 26.6003
1.6300000000000006 26.6754
1.6400000000000006 26.7503
1.6500000000000006 26.825
1.6600000000000006 26.8623
1.6700000000000006 26.9367
1.6800000000000006 27.0109
1.6900000000000006 27.0849
1.7000000000000006 27.1587
1.7100000000000006 27.1955
1.7200000000000006 27.269
1.7300000000000006 27.3423
1.7400000000000007 27.4154
1.7500000000000007 27.4883
1.7600000000000007 27.5247
1.7700000000000007 27.5973
1.7800000000000007 27.6697
1.7900000000000007 27.7419
1.8000000000000007 27.814
1.8100000000000007 27.8499
1.8200000000000007 27.9217
1.8300000000000007 27.9933
1.8400000000000007 28.0647
1.8500000000000008 28.1359
1.8600000000000008 28.1715
1.8700000000000008 28.2424
1.8800000000000008 28.3132
1.8900000000000008 28.3838
1.9000000000000008 28.4542
1.9100000000000008 28.4893
1.9200000000000008 28.5595
1.9300000000000008 28.6295
1.9400000000000008 28.6993
1.9500000000000008 28.7689
1.9600000000000009 28.8037
1.9700000000000009 28.8731
1.9800000000000009 28.9423
1.9900000000000009 29.0114
2.0000000000000009 29.0803
2.0100000000000007 29.149
2.0200000000000005 29.1833
2.0300000000000002 29.2518
2.04 29.3201
2.0499999999999998 29.3883
2.0599999999999996 29.4563
2.0699999999999994 29.4903
2.0799999999999992 29.5581
2.089999999999999 29.6257
2.0999999999999988 29.6932
2.1099999999999985 29.7605
2.1199999999999983 29.7941
2.1299999999999981 29.8612
2.1399999999999979 29.9281
2.1499999999999977 29.9949
2.1599999999999975 30.0615
2.1699999999999973 30.0948
2.1799999999999971 30.1612
2.1899999999999968 30.2275
2.1999999999999966 30.2936
2.2099999999999964 30.3596
2.2199999999999962 30.3925
2.229999999999996 30.4583
2.2399999999999958 30.5239
2.2499999999999956 30.5894
2.2599999999999953 30.6548
2.2699999999999951 30.6874
2.2799999999999949 30.7525
2.2899999999999947 30.8175
2.2999999999999945 30.8824
2.3099999999999943 30.9471
2.3199999999999941 30.9794
2.3299999999999939 31.044
2.3399999999999936 31.1084
2.3499999999999934 31.1726
2.3599999999999932 31.2367
2.369999999999993 31.2688
2.3799999999999928 31.3327
2.3899999999999926 31.3965
2.3999999999999924 31.4602
2.4099999999999921 31.5237
2.4199999999999919 31.5554
2.4299999999999917 31.6188
2.4399999999999915 31.682
2.4499999999999913 31.7451
2.4599999999999911 31.8081
2.4699999999999909 31.8395
2.4799999999999907 31.9023
2.4899999999999904 31.9649
2.4999999999999902 32.0275
2.50999999999999 32.0899
2.5199999999999898 32.1211
2.5299999999999896 32.1833
2.5399999999999894 32.2454
2.5499999999999892 32.3074
2.559999999999989 32.3693
2.5699999999999887 32.4002
2.5799999999999885 32.4619
2.5899999999999883 32.5234
2.5999999999999881 32.5849
2.6099999999999879 32.6463
2.6199999999999877 32.6769
2.6299999999999875 32.7381
2.6399999999999872 32.7991
2.649999999999987 32.8601
2.6599999999999868 32.9209
2.6699999999999866 32.9513
2.6799999999999864 32
2.6899999999999862 32.0625
2.699999999999986 32.1248
2.7099999999999858 32.187
2.7199999999999855 32.2492
2.7299999999999853 32.2802
2.7399999999999851 32.3421
2.7499999999999849 32.4039
2.7599999999999847 32.4656
2.7699999999999845 32.5272
2.7799999999999843 32.5579
2.789999999999984 32.6193
2.7999999999999838 32.6806
2.8099999999999836 32.7418
2.8199999999999834 32.8028
2.8299999999999832 32.8333
2.839999999999983 32.8942
2.8499999999999828 32.955
2.8599999999999826 32
2.8699999999999823 32.0625
2.8799999999999821 32.0937
2.8899999999999819 32.1559
2.8999999999999817 32.2181
2.9099999999999815 32.2802
2.9199999999999813 32.3421
2.9299999999999811 32.373
2.9399999999999809 32.4348
2.9499999999999806 32.4964
2.9599999999999804 32.5579
2.9699999999999802 32.6193
2.97999999999998 32.65
2.9899999999999798 32.7112
2.9999999999999796 32.7723
3.0099999999999794 32.8333
3.0199999999999791 32.8942
3.0299999999999789 32.9246
3.0399999999999787 32.9853
3.0499999999999785 32.0312
3.0599999999999783 32.0937
3.0699999999999781 32.1559
3.0799999999999779 32.187
3.0899999999999777 32.2492
3.0999999999999774 32.3111
3.1099999999999772 32.373
3.119999999999977 32.4348
3.1299999999999768 32.4656
3.1399999999999766 32.5272
3.1499999999999764 32.5886
3.1599999999999762 32.65
3.1699999999999759 32.7112
3.1799999999999757 32.7418
3.1899999999999755 32.8028
3.1999999999999753 32.8638
3.2099999999999751 32.9246
3.2199999999999749 32.9853
3.2299999999999747 32
3.2399999999999745 32.0625
3.2499999999999742 32.1248
3.259999999999974 32.187
3.2699999999999738 32.2492
3.2799999999999736 32.2802
3.2899999999999734 32.3421
3.2999999999999732 32.4039
3.309999999999973 32.4656
3.3199999999999728 32.5272
3.3299999999999725 32.5579
3.3399999999999723 32.6193
3.3499999999999721 32.6806
3.3599999999999719 32.7418
3.3699999999999717 32.8028
3.3799999999999715 32.8638
3.3899999999999713 32.8942
3.399999999999971 32.955
3.4099999999999708 32
3.4199999999999706 32.0625
3.4299999999999704 32.1248
3.4399999999999702 32.1559
3.44999999999997 32.2181
3.4599999999999698 32.2802
3.4699999999999696 32.3421
3.4799999999999693 32.4039
3.4899999999999691 32.4348
3.4999999999999689 32.4964
3.5099999999999687 32.5579
3.5199999999999685 32.6193
3.5299999999999683 32.6806
3.5399999999999681 32.7112
3.5499999999999678 32.7723
3.5599999999999676 32.8333
3.5699999999999674 32.8942
3.5799999999999672 32.955
3.589999999999967 32.9853
3.5999999999999668 32.0312
3.6099999999999666 32.0937
3.6199999999999664 32.1559
3.6299999999999661 32.2181
3.6399999999999659 32.2492
3.6499999999999657 32.3111
3.6599999999999655 32.373
3.6699999999999653 32.4348
3.6799999999999651 32.4964
3.6899999999999649 32.5272
3.6999999999999647 32.5886
3.7099999999999644 32.65
3.7199999999999642 32.7112
3.729999999999964 32.7723
3.7399999999999638 32.8028
3.7499999999999636 32.8638
3.7599999999999634 32.9246
3.7699999999999632 32.9853
3.7799999999999629 32.0312
3.7899999999999627 32.0625
3.7999999999999625 32.1248
3.8099999999999623 32.187
3.8199999999999621 32.2492
3.8299999999999619 32.3111
3.8399999999999617 32.3421
3.8499999999999615 32.4039
3.8599999999999612 32.4656
3.869999999999961 32.5272
3.8799999999999608 32.5886
3.8899999999999606 32.6193
3.8999999999999604 32.6806
3.9099999999999602 32.7418
3.91999999999996 32.8028
3.9299999999999597 32.8638
3.9399999999999595 32.8942
3.9499999999999593 32.955
3.9599999999999591 32
3.9699999999999589 32.0625
3.9799999999999587 32.1248
3.9899999999999585 32.1559
3.9999999999999583 32.2181
4.009999999999958 32.2802
4.0199999999999578 32.3421
4.0299999999999576 32.4039
4.0399999999999574 32.4348
4.0499999999999572 32.4964
4.059999999999957 32.5579
4.0699999999999568 32.6193
4.0799999999999566 32.6806
4.0899999999999563 32.7418
4.0999999999999561 32.7723
4.1099999999999559 32.8333
4.1199999999999557 32.8942
4.1299999999999555 32.955
4.1399999999999553 32
4.1499999999999551 32.0312
4.1599999999999548 32.0937
4.1699999999999546 32.1559
4.1799999999999544 32.2181
4.1899999999999542 32.2802
4.199999999999954 32.3111
4.2099999999999538 32.373
4.2199999999999536 32.4348
4.2299999999999534 32.4964
4.2399999999999531 32.5579
4.2499999999999529 32.5886
4.2599999999999527 32.65
4.2699999999999525 32.7112
4.2799999999999523 32.7723
4.2899999999999521 32.8333
4.2999999999999519 32.8638
4.3099999999999516 32.9246
4.3199999999999514 32.9853
4.3299999999999512 32.0312
4.339999999999951 32.0937
4.3499999999999508 32.1248
4.3599999999999506 32.187
4.3699999999999504 32.2492
4.3799999999999502 32.3111
4.3899999999999499 32.373
4.3999999999999497 32.4039
4.4099999999999495 32.4656
4.4199999999999493 32.5272
4.4299999999999491 32.5886
4.4399999999999489 32.65
4.4499999999999487 32.6806
4.4599999999999485 32.7418
4.4699999999999482 32.8028
4.479999999999948 32.8638
4.4899999999999478 32.9246
4.4999999999999476 32.955
4.5099999999999474 32
4.5199999999999472 32.0625
4.529999999999947 32.1248
4.5399999999999467 32.187
4.5499999999999465 32.2181
4.5599999999999463 32.2802
4.5699999999999461 32.3421
4.5799999999999459 32.4039
4.5899999999999457 32.4656
4.5999999999999455 32.4964
4.6099999999999453 32.5579
4.619999999999945 32.6193
4.6299999999999448 32.6806
4.6399999999999446 32.7418
4.6499999999999444 32.7723
4.6599999999999442 32.8333
4.669999999999944 32.8942
4.6799999999999438 32.955
4.6899999999999435 32
4.6999999999999433 32.0312
4.7099999999999431 32.0937
4.7199999999999429 32.1559
4.7299999999999427 32.2181
4.7399999999999425 32.2802
4.7499999999999423 32.3111
4.7599999999999421 32.373
4.7699999999999418 32.4348
4.7799999999999416 32.4964
4.7899999999999414 32.5579
4.7999999999999412 32.6193
4.809999999999941 32.65
4.8199999999999408 32.7112
4.8299999999999406 32.7723
4.8399999999999403 32.8333
4.8499999999999401 32.8942
4.8599999999999399 32.9246
4.8699999999999397 32.9853
4.8799999999999395 32.0312
4.8899999999999393 32.0937
4.8999999999999391 32.1559
4.9099999999999389 32.187
4.9199999999999386 32.2492
4.9299999999999384 32.3111
4.9399999999999382 32.373
4.949999999999938 32.4348
4.9599999999999378 32.4656
4.9699999999999376 32.5272
4.9799999999999374 32.5886
4.9899999999999372 32.65
4.9999999999999369 32.7112
5.0099999999999367 32.7418
5.0199999999999365 32.8028
5.0299999999999363 32.8638
5.0399999999999361 32.9246
5.0499999999999359 32.9853
5.0599999999999357 32
5.0699999999999354 32.0625
5.0799999999999352 32.1248
5.089999999999935 32.187
5.0999999999999348 32.2492
5.1099999999999346 32.2802
5.1199999999999344 32.3421
5.1299999999999342 32.4039
5.139999999999934 32.4656
5.1499999999999337 32.5272
5.1599999999999335 32.5579
5.1699999999999333 32.6193
5.1799999999999331 32.6193
5.1899999999999329 32.6806
5.1999999999999327 32.7418
5.2099999999999325 32.7723
5.2199999999999322 32.8333
5.229999999999932 32.8942
5.2399999999999318 32.955
5.2499999999999316 32
5.2599999999999314 32.0312
5.2699999999999312 32.0625
5.279999999999931 32.0625
5.2899999999999308 32.0937
5.2999999999999305 32.1559
5.3099999999999303 32.187
5.3199999999999301 32.2492
5.3299999999999299 32.3111
5.3399999999999297 32.373
5.3499999999999295 32.4348
5.3599999999999293 32.4656
5.3699999999999291 32.5272
5.3799999999999288 32.5272
5.3899999999999286 32.5272
5.3999999999999284 32.5272
5.4099999999999282 32.5272
5.419999999999928 32.5579
5.4299999999999278 32.6193
5.4399999999999276 32.6806
5.4499999999999273 32.7418
5.4599999999999271 32.7723
5.4699999999999269 32.8333
5.4799999999999267 32.8942
5.4899999999999265 32.955
5.4999999999999263 32.9853
5.5099999999999261 32.9853
5.5199999999999259 32.9853
5.5299999999999256 32.9853
5.5399999999999254 32.9853
5.5499999999999252 32.9853
5.559999999999925 32.9853
5.5699999999999248 7.5
5.5799999999999246 7.5
5.5899999999999244 7.5
5.5999999999999241 7.5
5.6099999999999239 7.5
5.6199999999999237 7.5
5.6299999999999235 7.5
5.6399999999999233 7.5
5.6499999999999231 7.63333
5.6599999999999229 7.63333
5.6699999999999227 7.63333
5.6799999999999224 7.63333
5.6899999999999222 7.63333
5.699999999999922 7.63333
5.7099999999999218 7.76434
5.7199999999999216 8.01982
5.7299999999999214 8.14452
5.7399999999999212 8.38826
5.749999999999921 8.50747
5.7599999999999207 8.50747
5.7699999999999205 8.62501
5.7799999999999203 8.85536
5.7899999999999201 9.07979
5.7999999999999199 9.18992
5.8099999999999197 9.40628
5.8199999999999195 9.40628
5.8299999999999192 9.51259
5.839999999999919 9.72169
5.8499999999999188 9.92634
5.8599999999999186 10.0271
5.8699999999999184 10.2256
5.8799999999999182 10.3234
5.889999999999918 10.4202
5.8999999999999178 10.6113
5.9099999999999175 10.7989
5.9199999999999173 10.8915
5.9299999999999171 11.0744
5.9399999999999169 11.2543
5.9499999999999167 11.3431
5.9599999999999165 11.5188
5.9699999999999163 11.6917
5.979999999999916 11.7773
5.9899999999999158 11.9465
5.9999999999999156 12.1133
6.0099999999999154 12.1959
6.0199999999999152 12.2779
6.029999999999915 12.3593
6.0399999999999148 12.5206
6.0499999999999146 12.6798
6.0599999999999143 12.8371
6.0699999999999141 12.9924
6.0799999999999139 13.0694
6.0899999999999137 13.1459
6.0999999999999135 13.1459
6.1099999999999133 13.222
6.1199999999999131 13.3728
6.1299999999999129 13.4476
6.1399999999999126 13.5959
6.1499999999999124 13.7426
6.1599999999999122 13.8877
6.169999999999912 14.0314
6.1799999999999118 14.1026
6.1899999999999116 14.1026
6.1999999999999114 14.1026
6.2099999999999111 14.2441
6.2199999999999109 14.3842
6.2299999999999107 14.4537
6.2399999999999105 14.5917
6.2499999999999103 14.7285
6.2599999999999101 14.864
6.2699999999999099 14.9982
6.2799999999999097 15.0649
6.2899999999999094 15.0649
6.2999999999999092 15.0649
6.309999999999909 15.1313
6.3199999999999088 15.2632
6.3299999999999086 15.3287
6.3399999999999084 15.4589
6.3499999999999082 15.588
6.3599999999999079 15.716
6.3699999999999077 15.843
6.3799999999999075 15.9061
6.3899999999999073 16.0316
6.3999999999999071 16.0316
6.4099999999999069 16.0316
6.4199999999999067 16.094
6.4299999999999065 16.1561
6.4399999999999062 16.2797
6.449999999999906 16.4023
6.4599999999999058 16.524
6.4699999999999056 16.6448
6.4799999999999054 16.7049
6.4899999999999052 16.8244
6.499999999999905 16.9431
6.5099999999999048 16.9431
6.5199999999999045 16.9431
6.5299999999999043 16.9431
6.5399999999999041 17.0609
6.5499999999999039 17.178
6.5599999999999037 17.2942
6.5699999999999035 17.4096
6.5799999999999033 17.4671
6.589999999999903 17.5814
6.5999999999999028 17.695
6.6099999999999026 17.8078
6.6199999999999024 17.8078
6.6299999999999022 17.8078
6.639999999999902 17.8078
6.6499999999999018 17.864
6.6599999999999016 17.9758
6.6699999999999013 18.0868
6.6799999999999011 18.1973
6.6899999999999009 18.2522
6.6999999999999007 18.3616
6.7099999999999005 18.4704
6.7199999999999003 18.5785
6.7299999999999001 18.6323
6.7399999999998998 18.6323
6.7499999999998996 18.6323
6.7599999999998994 18.6323
6.7699999999998992 18.686
6.779999999999899 18.7929
6.7899999999998988 18.8461
6.7999999999998986 18.9521
6.8099999999998984 19.0574
6.8199999999998981 19.1623
6.8299999999998979 19.2665
6.8399999999998977 19.3184
6.8499999999998975 19.4218
6.8599999999998973 19.4218
6.8699999999998971 19.4218
6.8799999999998969 19.4218
6.8899999999998967 19.4218
6.8999999999998964 19.4733
6.9099999999998962 19.5758
6.919999999999896 19.6779
6.9299999999998958 19.7794
6.9399999999998956 19.8299
6.9499999999998954 19.9307
6.9599999999998952 20.0309
6.9699999999998949 20.1306
6.9799999999998947 20.1803
6.9899999999998945 20.1803
6.9999999999998943 20.1803
7.0099999999998941 20.1803
7.0199999999998939 20.1803
7.0299999999998937 20.1803
7.0399999999998935 20.1803
7.0499999999998932 7.5
7.059999999999893 7.5
7.0699999999998928 7.5
7.0799999999998926 7.5
7.0899999999998924 7.5
7.0999999999998922 7.5
7.109999999999892 7.5
7.1199999999998917 7.5
7.1299999999998915 7.5
7.1399999999998913 7.5
7.1499999999998911 7.5
7.1599999999998909 7.5
7.1699999999998907 7.63333
7.1799999999998905 7.63333
7.1899999999998903 7.63333
7.19999999999989 7.63333
7.2099999999998898 7.63333
7.2199999999998896 7.63333
7.2299999999998894 7.76434
7.2399999999998892 7.89313
7.249999999999889 8.14452
7.2599999999998888 8.38826
7.2699999999998886 8.50747
7.2799999999998883 8.50747
7.2899999999998881 8.50747
7.2999999999998879 8.50747
7.3099999999998877 8.50747
7.3199999999998875 8.50747
7.3299999999998873 8.50747
7.3399999999998871 8.62501
7.3499999999998868 8.85536
7.3599999999998866 9.07979
7.3699999999998864 9.29874
7.3799999999998862 9.40628
7.389999999999886 9.40628
7.3999999999998858 9.40628
7.4099999999998856 9.40628
7.4199999999998854 9.40628
7.4299999999998851 9.40628
7.4399999999998849 9.40628
7.4499999999998847 9.40628
7.4599999999998845 9.61772
7.4699999999998843 9.82455
7.4799999999998841 10.0271
7.4899999999998839 10.1268
7.4999999999998836 10.3234
7.5099999999998834 10.3234
7.5199999999998832 10.3234
7.529999999999883 10.3234
7.5399999999998828 10.3234
7.5499999999998826 10.3234
7.5599999999998824 10.3234
7.5699999999998822 10.3234
7.5799999999998819 10.4202
7.5899999999998817 10.5162
7.5999999999998815 10.7055
7.6099999999998813 10.8915
7.6199999999998811 10.8915
7.6299999999998809 5.44577
7.6399999999998807 5.44577
7.6499999999998805 5.44577
7.6599999999998802 5.44577
7.66999999999988 5.44577
7.6799999999998798 5.44577
7.6899999999998796 5.44577
7.6999999999998794 5.44577
7.7099999999998792 5.44577
7.719999999999879 5.44577
7.7299999999998787 5.44577
7.7399999999998785 5.44577
7.7499999999998783 5.44577
7.7599999999998781 5.62939
7.7699999999998779 5.62939
7.7799999999998777 5.62939
7.7899999999998775 5.62939
7.7999999999998773 5.62939
7.809999999999877 5.62939
7.8199999999998768 5.62939
7.8299999999998766 5.62939
7.8399999999998764 5.62939
7.8499999999998762 5.62939
7.859999999999876 5.62939
7.8699999999998758 5.62939
7.8799999999998755 5.62939
7.8899999999998753 5.62939
7.8999999999998751 5.62939
7.9099999999998749 5.62939
7.9199999999998747 5.62939
7.9299999999998745 5.62939
7.9399999999998743 5.62939
7.9499999999998741 5.62939
7.9599999999998738 5.62939
7.9699999999998736 1
7.9799999999998734 1
7.9899999999998732 1
7.999999999999873 1
8.0099999999998737 1
8.0199999999998735 1
8.0299999999998732 1
8.039999999999873 1
8.0499999999998728 2
8.0599999999998726 2
8.0699999999998724 2
8.0799999999998722 2
8.089999999999872 2
8.0999999999998717 2
8.1099999999998715 2
8.1199999999998713 2
8.1299999999998711 2
8.1399999999998709 2.9
8.1499999999998707 2.9
8.1599999999998705 2.9
8.1699999999998703 2.9
8.17999999999987 2.9
8.1899999999998698 2.9
8.1999999999998696 2.9
8.2099999999998694 2.9
8.2199999999998692 2.9
8.229999999999869 3.24483
8.2399999999998688 3.55301
8.2499999999998685 3.55301
8.2599999999998683 3.55301
8.2699999999998681 3.55301
8.2799999999998679 3.55301
8.2899999999998677 3.55301
8.2999999999998675 3.55301
8.3099999999998673 3.55301
8.3199999999998671 3.55301
8.3299999999998668 4.09525
8.3399999999998666 4.33944
8.3499999999998664 4.33944
8.3599999999998662 4.33944
8.369999999999866 4.33944
8.3799999999998658 4.33944
8.3899999999998656 4.33944
8.3999999999998654 4.33944
8.4099999999998651 4.33944
8.4199999999998649 4.33944
8.4299999999998647 4.78871
8.4399999999998645 5.19763
8.4499999999998643 5.19763
8.4599999999998641 5.19763
8.4699999999998639 5.19763
8.4799999999998636 5.19763
8.4899999999998634 5.19763
8.4999999999998632 5.19763
8.509999999999863 5.19763
8.5199999999998628 5.19763
8.5299999999998626 5.39003
8.5399999999998624 5.75491
8.5499999999998622 6.09735
8.5599999999998619 6.09735
8.5699999999998617 6.09735
8.5799999999998615 6.09735
8.5899999999998613 6.09735
8.5999999999998611 6.09735
8.6099999999998609 6.09735
8.6199999999998607 6.09735
8.6299999999998604 6.09735
8.6399999999998602 6.26135
8.64999999999986 6.5768
8.6599999999998598 6.72885
8.6699999999998596 7.02286
8.6799999999998594 7.02286
8.6899999999998592 7.02286
8.699999999999859 7.02286
8.7099999999998587 7.02286
8.7199999999998585 7.02286
8.7299999999998583 7.02286
8.7399999999998581 7.02286
8.7499999999998579 7.02286
8.7599999999998577 7.16526
8.7699999999998575 7.44171
8.7799999999998573 7.70809
8.789999999999857 7.96541
8.7999999999998568 7.96541
8.8099999999998566 7.96541
8.8199999999998564 7.96541
8.8299999999998562 7.96541
8.839999999999856 7.96541
8.8499999999998558 7.96541
8.8599999999998555 7.96541
8.8699999999998553 7.96541
8.8799999999998551 8.09095
8.8899999999998549 8.33628
8.8999999999998547 8.57449
8.9099999999998545 8.69112
8.9199999999998543 8.80618
8.9299999999998541 8.80618
8.9399999999998538 8.80618
8.9499999999998536 8.80618
8.9599999999998534 8.80618
8.9699999999998532 8.80618
8.979999999999853 8.80618
8.9899999999998528 8.80618
8.9999999999998526 8.91974
9.0099999999998523 9.03185
9.0199999999998521 9.25194
9.0299999999998519 9.46687
9.0399999999998517 9.67696
9.0499999999998515 9.67696
9.0599999999998513 9.67696
9.0699999999998511 9.67696
9.0799999999998509 9.67696
9.0899999999998506 9.67696
9.0999999999998504 9.67696
9.1099999999998502 9.67696
9.11999999999985 9.67696
9.1299999999998498 9.7803
9.1399999999998496 9.88255
9.1499999999998494 4.94127
9.1599999999998492 4.94127
9.1699999999998489 4.94127
9.1799999999998487 4.94127
9.1899999999998485 4.94127
9.1999999999998483 4.94127
9.2099999999998481 4.94127
9.2199999999998479 4.94127
9.2299999999998477 4.94127
9.2399999999998474 4.94127
9.2499999999998472 4.94127
9.259999999999847 4.94127
9.2699999999998468 4.94127
9.2799999999998466 5.14365
9.2899999999998464 5.14365
9.2999999999998462 5.14365
9.309999999999846 5.14365
9.3199999999998457 5.14365
9.3299999999998455 5.14365
9.3399999999998453 5.14365
9.3499999999998451 5.14365
9.3599999999998449 5.14365
9.3699999999998447 5.33807
9.3799999999998445 5.70638
9.3899999999998442 6.05165
9.399999999999844 6.05165
9.4099999999998438 6.05165
9.4199999999998436 6.05165
9.4299999999998434 6.05165
9.4399999999998432 6.05165
9.449999999999843 6.05165
9.4599999999998428 6.05165
9.4699999999998425 6.05165
9.4799999999998423 6.21689
9.4899999999998421 6.53454
9.4999999999998419 6.8371
9.5099999999998417 6.98336
9.5199999999998415 6.98336
9.5299999999998413 6.98336
9.5399999999998411 6.98336
9.5499999999998408 6.98336
9.5599999999998406 6.98336
9.5699999999998404 6.98336
9.5799999999998402 6.98336
9.58999999999984 6.98336
9.5999999999998398 7.26688
9.6099999999998396 7.53954
9.6199999999998393 7.67218
9.6299999999998391 7.80252
9.6399999999998389 7.80252
9.6499999999998387 7.80252
9.6599999999998385 7.80252
9.6699999999998383 7.80252
9.6799999999998381 7.80252
9.6899999999998379 7.80252
9.6999999999998376 7.80252
9.7099999999998374 7.93068
9.7199999999998372 8.18089
9.729999999999837 8.30313
9.7399999999998368 8.54228
9.7499999999998366 8.65935
9.7599999999998364 8.65935
9.7699999999998361 8.65935
9.7799999999998359 8.65935
9.7899999999998357 8.65935
9.7999999999998355 8.65935
9.8099999999998353 8.65935
9.8199999999998351 8.65935
9.8299999999998349 8.65935
9.8399999999998347 8.88879
9.8499999999998344 9.11239
9.8599999999998342 9.33056
9.869999999999834 9.54369
9.8799999999998338 9.54369
9.8899999999998336 9.54369
9.8999999999998334 9.54369
9.9099999999998332 9.54369
9.919999999999833 9.54369
9.9299999999998327 9.54369
9.9399999999998325 9.54369
9.9499999999998323 9.54369
9.9599999999998321 9.64848
9.9699999999998319 9.85466
9.9799999999998317 9.85466
9.9899999999998315 4.92733
9.9999999999998312 4.92733
10.009999999999831 4.92733
10.019999999999831 4.92733
10.029999999999831 4.92733
10.03999999999983 4.92733
10.04999999999983 4.92733
10.05999999999983 4.92733
10.06999999999983 4.92733
10.07999999999983 4.92733
10.089999999999829 4.92733
10.099999999999829 4.92733
10.109999999999829 4.92733
10.119999999999829 5.13028
10.129999999999828 5.13028
10.139999999999828 5.13028
10.149999999999828 5.13028
10.159999999999828 5.13028
10.169999999999828 5.13028
10.179999999999827 5.13028
10.189999999999827 5.13028
10.199999999999827 5.13028
10.209999999999827 5.51299
10.219999999999827 5.86999
10.229999999999826 6.04035
10.239999999999826 6.04035
10.249999999999826 6.04035
10.259999999999826 6.04035
10.269999999999825 6.04035
10.279999999999825 6.04035
10.289999999999825 6.04035
10.299999999999825 6.04035
10.309999999999825 6.04035
10.319999999999824 6.36704
10.329999999999824 6.5241
10.339999999999824 6.82713
10.349999999999824 6.97361
10.359999999999824 6.97361
10.369999999999823 6.97361
10.379999999999823 6.97361
10.389999999999823 6.97361
10.399999999999823 6.97361
10.409999999999823 6.97361
10.419999999999822 6.97361
10.429999999999822 7.11701
10.439999999999822 7.25751
10.449999999999822 7.53052
10.459999999999821 7.79381
10.469999999999821 7.79381
10.479999999999821 7.79381
10.489999999999821 7.79381
10.499999999999821 7.79381
10.50999999999982 7.79381
10.51999999999982 7.79381
10.52999999999982 7.79381
10.53999999999982 7.79381
10.54999999999982 7.92212
10.559999999999819 8.17259
10.569999999999819 8.41551
10.579999999999819 8.65151
10.589999999999819 8.65151
10.599999999999818 8.65151
10.609999999999818 8.65151
10.619999999999818 8.65151
10.629999999999818 8.65151
10.639999999999818 8.65151
10.649999999999817 8.65151
10.659999999999817 8.65151
10.669999999999817 8.7671
10.679999999999817 8.99376
10.689999999999817 9.10495
10.699999999999816 9.3233
10.709999999999816 9.53659
10.719999999999816 9.53659
10.729999999999816 9.53659
10.739999999999815 9.53659
10.749999999999815 9.53659
10.759999999999815 9.53659
10.769999999999815 9.53659
10.779999999999815 9.53659
10.789999999999814 9.53659
10.799999999999814 9.64145
10.809999999999814 9.84779
10.819999999999814 9.94933
10.829999999999814 4.97467
10.839999999999813 4.97467
10.849999999999813 4.97467
10.859999999999813 4.97467
10.869999999999813 4.97467
10.879999999999812 4.97467
10.889999999999812 4.97467
10.899999999999812 4.97467
10.909999999999812 4.97467
10.919999999999812 4.97467
10.929999999999811 4.97467
10.939999999999811 4.97467
10.949999999999811 4.97467
10.959999999999811 5.17569
10.969999999999811 5.17569
10.97999999999981 5.17569
10.98999999999981 5.17569
10.99999999999981 5.17569
11.00999999999981 5.17569
11.01999999999981 5.17569
11.029999999999809 5.17569
11.039999999999809 5.17569
11.049999999999809 5.3689
11.059999999999809 5.73517
11.069999999999808 6.07875
11.079999999999808 6.07875
11.089999999999808 6.07875
11.099999999999808 6.07875
11.109999999999808 6.07875
11.119999999999807 6.07875
11.129999999999807 6.07875
11.139999999999807 6.07875
11.149999999999807 6.07875
11.159999999999807 6.24326
11.169999999999806 6.5596
11.179999999999806 6.86103
11.189999999999806 7.00678
11.199999999999806 7.00678
11.209999999999805 7.00678
11.219999999999805 7.00678
11.229999999999805 7.00678
11.239999999999805 7.00678
11.249999999999805 7.00678
11.259999999999804 7.00678
11.269999999999804 7.00678
11.279999999999804 7.28937
11.289999999999804 7.56121
11.299999999999804 7.69346
11.309999999999803 7.95126
11.319999999999803 7.95126
11.329999999999803 7.95126
11.339999999999803 7.95126
11.349999999999802 7.95126
11.359999999999802 7.95126
11.369999999999802 7.95126
11.379999999999802 7.95126
11.389999999999802 7.95126
11.399999999999801 8.07703
11.409999999999801 8.32278
11.419999999999801 8.56137
11.429999999999801 8.79341
11.439999999999801 8.79341
11.4499999999998 8.79341
11.4599999999998 8.79341
11.4699999999998 8.79341
11.4799999999998 8.79341
11.489999999999799 8.79341
11.499999999999799 8.79341
11.509999999999799 8.79341
11.519999999999799 8.90713
11.529999999999799 9.13027
11.539999999999798 9.34802
11.549999999999798 9.455
11.559999999999798 9.66535
11.569999999999798 9.66535
11.579999999999798 9.66535
11.589999999999797 9.66535
11.599999999999797 9.66535
11.609999999999797 9.66535
11.619999999999797 9.66535
11.629999999999797 9.66535
11.639999999999796 9.66535
11.649999999999796 9.76882
11.659999999999796 9.87118
11.669999999999796 4.93559
11.679999999999795 4.93559
11.689999999999795 4.93559
11.699999999999795 4.93559
11.709999999999795 4.93559
11.719999999999795 4.93559
11.729999999999794 4.93559
11.739999999999794 4.93559
11.749999999999794 4.93559
11.759999999999794 4.93559
11.769999999999794 4.93559
11.779999999999793 4.93559
11.789999999999793 4.93559
11.799999999999793 5.1382
11.809999999999793 5.1382
11.819999999999792 5.1382
11.829999999999792 5.1382
11.839999999999792 5.1382
11.849999999999792 5.1382
11.859999999999792 5.1382
11.869999999999791 5.1382
11.879999999999791 5.1382
11.889999999999791 5.52034
11.899999999999791 5.87688
11.909999999999791 6.04704
11.91999999999979 6.04704
11.92999999999979 6.04704
11.93999999999979 6.04704
11.94999999999979 6.04704
11.959999999999789 6.04704
11.969999999999789 6.04704
11.979999999999789 6.04704
11.989999999999789 6.04704
11.999999999999789 6.37338
12.009999999999788 6.53028
12.019999999999788 6.83304
12.029999999999788 6.97939
12.039999999999788 6.97939
12.049999999999788 6.97939
12.059999999999787 6.97939
12.069999999999787 6.97939
12.079999999999787 6.97939
12.089999999999787 6.97939
12.099999999999786 6.97939
12.109999999999786 6.97939
12.119999999999786 7.26306
12.129999999999786 7.53587
12.139999999999786 7.79897
12.149999999999785 7.79897
12.159999999999785 7.79897
12.169999999999785 7.79897
12.179999999999785 7.79897
12.189999999999785 7.79897
12.199999999999784 7.79897
12.209999999999784 7.79897
12.219999999999784 7.79897
12.229999999999784 7.92719
12.239999999999783 8.17751
12.249999999999783 8.42028
12.259999999999783 8.53904
12.269999999999783 8.65615
12.279999999999783 8.65615
12.289999999999782 8.65615
12.299999999999782 8.65615
12.309999999999782 8.65615
12.319999999999782 8.65615
12.329999999999782 8.65615
12.339999999999781 8.65615
12.349999999999781 8.77168
12.359999999999781 8.88568
12.369999999999781 9.10935
12.379999999999781 9.3276
12.38999999999978 9.5408
12.39999999999978 9.5408
12.40999999999978 9.5408
12.41999999999978 9.5408
12.429999999999779 9.5408
12.439999999999779 9.5408
12.449999999999779 9.5408
12.459999999999779 9.5408
12.469999999999779 9.5408
12.479999999999778 9.64561
12.489999999999778 9.85186
12.499999999999778 9.95336
12.509999999999778 4.97668
12.519999999999778 4.97668
12.529999999999777 4.97668
12.539999999999777 4.97668
12.549999999999777 4.97668
12.559999999999777 4.97668
12.569999999999776 4.97668
12.579999999999776 4.97668
12.589999999999776 4.97668
12.599999999999776 4.97668
12.609999999999776 4.97668
12.619999999999775 4.97668
12.629999999999775 4.97668
12.639999999999775 5.17762
12.649999999999775 5.17762
12.659999999999775 5.17762
12.669999999999774 5.17762
12.679999999999774 5.17762
12.689999999999774 5.17762
12.699999999999774 5.17762
12.709999999999773 5.17762
12.719999999999773 5.17762
12.729999999999773 5.37076
12.739999999999773 5.73691
12.749999999999773 6.08039
12.759999999999772 6.08039
12.769999999999772 6.08039
12.779999999999772 6.08039
12.789999999999772 6.08039
12.799999999999772 6.08039
12.809999999999771 6.08039
12.819999999999771 6.08039
12.829999999999771 6.08039
12.839999999999771 6.24485
12.84999999999977 6.56111
12.85999999999977 6.86248
12.86999999999977 7.0082
12.87999999999977 7.0082
12.88999999999977 7.0082
12.899999999999769 7.0082
12.909999999999769 7.0082
12.919999999999769 7.0082
12.929999999999769 7.0082
12.939999999999769 7.0082
12.949999999999768 7.0082
12.959999999999768 7.29073
12.969999999999768 7.42789
12.979999999999768 7.69475
12.989999999999768 7.95251
12.999999999999767 7.95251
13.009999999999767 7.95251
13.019999999999767 7.95251
13.029999999999767 7.95251
13.039999999999766 7.95251
13.049999999999766 7.95251
13.059999999999766 7.95251
13.069999999999766 7.95251
13.079999999999766 8.07825
13.089999999999765 8.32396
13.099999999999765 8.56252
13.109999999999765 8.79453
13.119999999999765 8.79453
13.129999999999765 8.79453
13.139999999999764 8.79453
13.149999999999764 8.79453
13.159999999999764 8.79453
13.169999999999764 8.79453
13.179999999999763 8.79453
13.189999999999763 8.79453
13.199999999999763 8.90824
13.209999999999763 9.13135
13.219999999999763 9.34908
13.229999999999762 9.45604
13.239999999999762 9.66638
13.249999999999762 9.66638
13.259999999999762 9.66638
13.269999999999762 9.66638
13.279999999999761 9.66638
13.289999999999761 9.66638
13.299999999999761 9.66638
13.309999999999761 9.66638
13.31999999999976 9.66638
13.32999999999976 9.76983
13.33999999999976 9.87218
13.34999999999976 4.93609
13.35999999999976 4.93609
13.369999999999759 4.93609
13.379999999999759 4.93609
13.389999999999759 4.93609
13.399999999999759 4.93609
13.409999999999759 4.93609
13.419999999999758 4.93609
13.429999999999758 4.93609
13.439999999999758 4.93609
13.449999999999758 4.93609
13.459999999999757 4.93609
13.469999999999757 4.93609
13.479999999999757 5.13868
13.489999999999757 5.13868
13.499999999999757 5.13868
13.509999999999756 5.13868
13.519999999999756 5.13868
13.529999999999756 5.13868
13.539999999999756 5.13868
13.549999999999756 5.13868
13.559999999999755 5.13868
13.569999999999755 5.52079
13.579999999999755 5.70192
13.589999999999755 6.04744
13.599999999999755 6.04744
13.609999999999754 6.04744
13.619999999999754 6.04744
13.629999999999754 6.04744
13.639999999999754 6.04744
13.649999999999753 6.04744
13.659999999999753 6.04744
13.669999999999753 6.04744
13.679999999999753 6.2128
13.689999999999753 6.53065
13.699999999999752 6.83339
13.709999999999752 6.97974
13.719999999999752 6.97974
13.729999999999752 6.97974
13.739999999999752 6.97974
13.749999999999751 6.97974
13.759999999999751 6.97974
13.769999999999751 6.97974
13.779999999999751 6.97974
13.78999999999975 6.97974
13.79999999999975 7.2634
13.80999999999975 7.53619
13.81999999999975 7.79928
13.82999999999975 7.79928
13.839999999999749 7.79928
13.849999999999749 7.79928
13.859999999999749 7.79928
13.869999999999749 7.79928
13.879999999999749 7.79928
13.889999999999748 7.79928
13.899999999999748 7.79928
13.909999999999748 7.9275
13.919999999999748 8.17781
13.929999999999747 8.42057
13.939999999999747 8.53933
13.949999999999747 8.65643
13.959999999999747 8.65643
13.969999999999747 8.65643
13.979999999999746 8.65643
13.989999999999746 8.65643
13.999999999999746 8.65643
14.009999999999746 8.65643
14.019999999999746 8.65643
14.029999999999745 8.77195
14.039999999999745 8.88595
14.049999999999745 9.10962
14.059999999999745 9.32786
14.069999999999744 9.54105
14.079999999999744 9.54105
14.089999999999744 9.54105
14.099999999999744 9.54105
14.109999999999744 9.54105
14.119999999999743 9.54105
14.129999999999743 9.54105
14.139999999999743 9.54105
14.149999999999743 9.54105
14.159999999999743 9.64586
14.169999999999742 9.8521
14.179999999999742 9.95361
14.189999999999742 9.95361
14.199999999999742 4.9768
14.209999999999742 4.9768
14.219999999999741 4.9768
14.229999999999741 4.9768
14.239999999999741 4.9768
14.249999999999741 4.9768
14.25999999999974 4.9768
14.26999999999974 4.9768
14.27999999999974 4.9768
14.28999999999974 4.9768
14.29999999999974 4.9768
14.309999999999739 4.9768
14.319999999999739 5.17774
14.329999999999739 5.17774
14.339999999999739 5.17774
14.349999999999739 5.17774
14.359999999999738 5.17774
14.369999999999738 5.17774
14.379999999999738 5.17774
14.389999999999738 5.17774
14.399999999999737 5.17774
14.409999999999737 5.37087
14.419999999999737 5.73701
14.429999999999737 6.08048
14.439999999999737 6.08048
14.449999999999736 6.08048
14.459999999999736 6.08048
14.469999999999736 6.08048
14.479999999999736 6.08048
14.489999999999736 6.08048
14.499999999999735 6.08048
14.509999999999735 6.08048
14.519999999999735 6.24495
14.529999999999735 6.5612
14.539999999999734 6.71361
14.549999999999734 7.00828
14.559999999999734 7.00828
14.569999999999734 7.00828
14.579999999999734 7.00828
14.589999999999733 7.00828
14.599999999999733 7.00828
14.609999999999733 7.00828
14.619999999999733 7.00828
14.629999999999733 7.00828
14.639999999999732 7.29081
14.649999999999732 7.42797
14.659999999999732 7.69483
14.669999999999732 7.95258
14.679999999999731 7.95258
14.689999999999731 7.95258
14.699999999999731 7.95258
14.709999999999731 7.95258
14.719999999999731 7.95258
14.72999999999973 7.95258
14.73999999999973 7.95258
14.74999999999973 7.95258
14.75999999999973 8.07833
14.76999999999973 8.32404
14.779999999999729 8.56259
14.789999999999729 8.7946
14.799999999999729 8.7946
14.809999999999729 8.7946
14.819999999999729 8.7946
14.829999999999728 8.7946
14.839999999999728 8.7946
14.849999999999728 8.7946
14.859999999999728 8.7946
14.869999999999727 8.7946
14.879999999999727 8.9083
14.889999999999727 9.13142
14.899999999999727 9.24093
14.909999999999727 9.4561
14.919999999999726 9.66644
14.929999999999726 9.66644
14.939999999999726 9.66644
14.949999999999726 9.66644
14.959999999999726 9.66644
14.969999999999725 9.66644
14.979999999999725 9.66644
14.989999999999725 9.66644
14.999999999999725 9.66644
