1.1000000000000001 22.7908
1.1100000000000001 22.8784
1.1200000000000001 22.9658
1.1300000000000001 23.0528
1.1400000000000001 23.1394
1.1500000000000001 23.1827
1.1600000000000001 23.2689
1.1700000000000002 23.3547
1.1800000000000002 23.4403
1.1900000000000002 23.5255
1.2000000000000002 23.568
1.2100000000000002 23.6528
1.2200000000000002 23.7373
1.2300000000000002 23.8215
1.2400000000000002 23.9054
1.2500000000000002 23.9472
1.2600000000000002 24.0306
1.2700000000000002 24.1138
1.2800000000000002 24.1967
1.2900000000000003 24.2793
1.3000000000000003 24.3616
1.3100000000000003 24.4026
1.3200000000000003 24.4845
1.3300000000000003 24.5661
1.3400000000000003 24.6475
1.3500000000000003 24.7285
1.3600000000000003 24.769
1.3700000000000003 24.8497
1.3800000000000003 24.9301
1.3900000000000003 25.0102
1.4000000000000004 25.0901
1.4100000000000004 25.13
1.4200000000000004 25.2095
1.4300000000000004 25.2888
1.4400000000000004 25.3678
1.4500000000000004 25.4466
1.4600000000000004 25.4859
1.4700000000000004 25.5643
1.4800000000000004 25.6425
1.4900000000000004 25.7204
1.5000000000000004 25.7981
1.5100000000000005 25.8369
1.5200000000000005 25.9142
1.5300000000000005 25.9914
1.5400000000000005 26.0682
1.5500000000000005 26.1449
1.5600000000000005 26.1832
1.5700000000000005 26.2595
1.5800000000000005 26.3356
1.5900000000000005 26.4115
1.6000000000000005 26.4872
1.6100000000000005 26.5249
1.6200000000000006 26.6003
1.6300000000000006 26.6754
1.6400000000000006 26.7503
1.6500000000000006 26.825
1.6600000000000006 26.8623
1.6700000000000006 26.9367
1.6800000000000006 27.0109
1.6900000000000006 27.0849
1.7000000000000006 27.1587
1.7100000000000006 27.1955
1.7200000000000006 27.269
1.7300000000000006 27.3423
1.7400000000000007 27.4154
1.7500000000000007 27.4883
1.7600000000000007 27.5247
1.7700000000000007 27.5973
1.7800000000000007 27.6697
1.7900000000000007 27.7419
1.8000000000000007 27.814
1.8100000000000007 27.8499
1.8200000000000007 27.9217
1.8300000000000007 27.9933
1.8400000000000007 28.0647
1.8500000000000008 28.1359
1.8600000000000008 28.1715
1.8700000000000008 28.2424
1.8800000000000008 28.3132
1.8900000000000008 28.3838
1.9000000000000008 28.4542
1.9100000000000008 28.4893
1.9200000000000008 28.5595
1.9300000000000008 28.6295
1.9400000000000008 28.6993
1.9500000000000008 28.7689
1.9600000000000009 28.8037
1.9700000000000009 28.8731
1.9800000000000009 28.9423
1.9900000000000009 29.0114
2.0000000000000009 29.0803
2.0100000000000007 29.149
2.0200000000000005 29.1833
2.0300000000000002 29.2518
2.04 29.3201
2.0499999999999998 29.3883
2.0599999999999996 29.4563
2.0699999999999994 29.4903
2.0799999999999992 29.5581
2.089999999999999 29.6257
2.0999999999999988 29.6932
2.1099999999999985 29.7605
2.1199999999999983 29.7941
2.1299999999999981 29.8612
2.1399999999999979 29.9281
2.1499999999999977 29.9949
2.1599999999999975 30.0615
2.1699999999999973 30.0948
2.1799999999999971 30.1612
2.1899999999999968 30.2275
2.1999999999999966 30.2936
2.2099999999999964 30.3596
2.2199999999999962 30.3925
2.229999999999996 30.4583
2.2399999999999958 30.5239
2.2499999999999956 30.5894
2.2599999999999953 30.6548
2.2699999999999951 30.6874
2.2799999999999949 30.7525
2.2899999999999947 30.8175
2.2999999999999945 30.8824
2.3099999999999943 30.9471
2.3199999999999941 30.9794
2.3299999999999939 31.044
2.3399999999999936 31.1084
2.3499999999999934 31.1726
2.3599999999999932 31.2367
2.369999999999993 31.2688
2.3799999999999928 31.3327
2.3899999999999926 31.3965
2.3999999999999924 31.4602
2.4099999999999921 31.5237
2.4199999999999919 31.5554
2.4299999999999917 31.6188
2.4399999999999915 31.682
2.4499999999999913 31.7451
2.4599999999999911 31.8081
2.4699999999999909 31.8395
2.4799999999999907 31.9023
2.4899999999999904 31.9649
2.4999999999999902 32.0275
2.50999999999999 32.0899
2.5199999999999898 32.1211
2.5299999999999896 32.1833
2.5399999999999894 32.2454
2.5499999999999892 32.3074
2.559999999999989 32.3693
2.5699999999999887 32.4002
2.5799999999999885 32.4619
2.5899999999999883 32.5234
2.5999999999999881 32.5849
2.6099999999999879 32.6463
2.6199999999999877 32.6769
2.6299999999999875 32.7381
2.6399999999999872 32.7991
2.649999999999987 32.8601
2.6599999999999868 32.9209
2.6699999999999866 32.9513
2.6799999999999864 33.012
2.6899999999999862 33.0725
2.699999999999986 33.0725
2.7099999999999858 7.5
2.7199999999999855 7.5
2.7299999999999853 7.5
2.7399999999999851 7.5
2.7499999999999849 7.5
2.7599999999999847 7.5
2.7699999999999845 7.63333
2.7799999999999843 7.63333
2.789999999999984 7.63333
2.7999999999999838 7.63333
2.8099999999999836 7.63333
2.8199999999999834 7.63333
2.8299999999999832 7.76434
2.839999999999983 7.89313
2.8499999999999828 8.14452
2.8599999999999826 8.38826
2.8699999999999823 8.50747
2.8799999999999821 8.50747
2.8899999999999819 8.62501
2.8999999999999817 8.85536
2.9099999999999815 8.96829
2.9199999999999813 9.18992
2.9299999999999811 9.40628
2.9399999999999809 9.40628
2.9499999999999806 9.51259
2.9599999999999804 9.72169
2.9699999999999802 9.82455
2.97999999999998 10.0271
2.9899999999999798 10.2256
2.9999999999999796 10.3234
3.0099999999999794 10.4202
3.0199999999999791 10.6113
3.0299999999999789 10.7055
3.0399999999999787 10.8915
3.0499999999999785 11.0744
3.0599999999999783 11.2543
3.0699999999999781 11.3431
3.0799999999999779 11.5188
3.0899999999999777 11.6917
3.0999999999999774 11.7773
3.1099999999999772 11.9465
3.119999999999977 12.1133
3.1299999999999768 12.1959
3.1399999999999766 12.2779
3.1499999999999764 12.3593
3.1599999999999762 12.5206
3.1699999999999759 12.6798
3.1799999999999757 12.8371
3.1899999999999755 12.9924
3.1999999999999753 13.0694
3.2099999999999751 13.1459
3.2199999999999749 13.1459
3.2299999999999747 13.222
3.2399999999999745 13.3728
3.2499999999999742 13.4476
3.259999999999974 13.5959
3.2699999999999738 13.7426
3.2799999999999736 13.8877
3.2899999999999734 14.0314
3.2999999999999732 14.1026
3.309999999999973 14.1026
3.3199999999999728 14.1026
3.3299999999999725 14.1026
3.3399999999999723 14.1026
3.3499999999999721 14.1736
3.3599999999999719 14.3143
3.3699999999999717 14.4537
3.3799999999999715 14.5917
3.3899999999999713 14.7285
3.399999999999971 14.7964
3.4099999999999708 14.9312
3.4199999999999706 15.0649
3.4299999999999704 15.0649
3.4399999999999702 15.0649
3.44999999999997 15.0649
3.4599999999999698 15.0649
3.4699999999999696 15.0649
3.4799999999999693 15.0649
3.4899999999999691 7.5
3.4999999999999689 7.5
3.5099999999999687 7.5
3.5199999999999685 7.5
3.5299999999999683 7.5
3.5399999999999681 7.5
3.5499999999999678 7.5
3.5599999999999676 7.5
3.5699999999999674 7.5
3.5799999999999672 7.5
3.589999999999967 6.5
3.5999999999999668 6.5
3.6099999999999666 6.5
3.6199999999999664 6.5
3.6299999999999661 6.5
3.6399999999999659 6.5
3.6499999999999657 6.5
3.6599999999999655 7.5
3.6699999999999653 7.76434
3.6799999999999651 7.76434
3.6899999999999649 7.76434
3.6999999999999647 7.76434
3.7099999999999644 7.76434
3.7199999999999642 7.89313
3.729999999999964 8.14452
3.7399999999999638 8.38826
3.7499999999999636 8.50747
3.7599999999999634 8.62501
3.7699999999999632 8.62501
3.7799999999999629 8.74096
3.7899999999999627 8.96829
3.7999999999999625 9.07979
3.8099999999999623 9.29874
3.8199999999999621 9.51259
3.8299999999999619 9.51259
3.8399999999999617 9.51259
3.8499999999999615 9.72169
3.8599999999999612 9.92634
3.869999999999961 10.1268
3.8799999999999608 10.3234
3.8899999999999606 10.4202
3.8999999999999604 10.4202
3.9099999999999602 10.4202
3.91999999999996 10.4202
3.9299999999999597 10.6113
3.9399999999999595 10.7055
3.9499999999999593 10.8915
3.9599999999999591 11.0744
3.9699999999999589 11.2543
3.9799999999999587 11.3431
3.9899999999999585 11.3431
3.9999999999999583 11.3431
4.009999999999958 11.5188
4.0199999999999578 11.6917
4.0299999999999576 11.8622
4.0399999999999574 12.0302
4.0499999999999572 12.1133
4.059999999999957 12.2779
4.0699999999999568 12.2779
4.0799999999999566 12.2779
4.0899999999999563 12.3593
4.0999999999999561 12.4402
4.1099999999999559 12.6005
4.1199999999999557 12.6798
4.1299999999999555 6.33991
4.1399999999999553 6.33991
4.1499999999999551 6.33991
4.1599999999999548 6.33991
4.1699999999999546 6.33991
4.1799999999999544 6.33991
4.1899999999999542 6.33991
4.199999999999954 6.33991
4.2099999999999538 6.33991
4.2199999999999536 6.49764
4.2299999999999534 6.49764
4.2399999999999531 6.49764
4.2499999999999529 6.49764
4.2599999999999527 6.65155
4.2699999999999525 6.65155
4.2799999999999523 6.80189
4.2899999999999521 7.09281
4.2999999999999519 7.37204
4.3099999999999516 7.37204
4.3199999999999514 7.37204
4.3299999999999512 7.37204
4.339999999999951 7.37204
4.3499999999999508 7.64089
4.3599999999999506 7.77176
4.3699999999999504 8.02701
4.3799999999999502 8.27426
4.3899999999999499 8.27426
4.3999999999999497 8.27426
4.4099999999999495 8.27426
4.4199999999999493 8.27426
4.4299999999999491 8.39512
4.4399999999999489 8.63169
4.4499999999999487 8.86186
4.4599999999999485 9.08612
4.4699999999999482 9.19618
4.479999999999948 9.19618
4.4899999999999478 9.19618
4.4999999999999476 9.19618
4.5099999999999474 9.19618
4.5199999999999472 9.19618
4.529999999999947 9.41239
4.5399999999999467 9.51863
4.5499999999999465 4.75932
4.5599999999999463 4.75932
4.5699999999999461 4.75932
4.5799999999999459 4.75932
4.5899999999999457 4.75932
4.5999999999999455 4.75932
4.6099999999999453 4.75932
4.619999999999945 4.75932
4.6299999999999448 4.75932
4.6399999999999446 4.75932
4.6499999999999444 4.96943
4.6599999999999442 4.96943
4.669999999999944 4.96943
4.6799999999999438 4.96943
4.6899999999999435 4.96943
4.6999999999999433 4.96943
4.7099999999999431 4.96943
4.7199999999999429 5.17066
4.7299999999999427 5.55049
4.7399999999999425 5.73065
4.7499999999999423 5.73065
4.7599999999999421 5.73065
4.7699999999999418 5.73065
4.7799999999999416 5.73065
4.7899999999999414 5.73065
4.7999999999999412 5.90515
4.809999999999941 6.23912
4.8199999999999408 6.3994
4.8299999999999406 6.55566
4.8399999999999403 6.55566
4.8499999999999401 6.55566
4.8599999999999399 6.55566
4.8699999999999397 6.55566
4.8799999999999395 6.85727
4.8899999999999393 7.1459
4.8999999999999391 7.28584
4.9099999999999389 7.28584
4.9199999999999386 7.28584
4.9299999999999384 7.28584
4.9399999999999382 7.28584
4.949999999999938 7.28584
4.9599999999999378 7.28584
4.9699999999999376 3.64292
4.9799999999999374 3.64292
4.9899999999999372 3.64292
4.9999999999999369 3.64292
5.0099999999999367 3.64292
5.0199999999999365 3.64292
5.0299999999999363 3.64292
5.0399999999999361 3.91742
5.0499999999999359 3.91742
5.0599999999999357 3.91742
5.0699999999999354 3.91742
5.0799999999999352 3.91742
5.089999999999935 3.91742
5.0999999999999348 4.41235
5.1099999999999346 4.63898
5.1199999999999344 4.63898
5.1299999999999342 4.63898
5.139999999999934 4.63898
5.1499999999999337 4.63898
5.1599999999999335 4.63898
5.1699999999999333 5.06054
5.1799999999999331 5.44833
5.1899999999999329 5.44833
5.1999999999999327 5.44833
5.2099999999999325 5.44833
5.2199999999999322 5.44833
5.229999999999932 5.44833
5.2399999999999318 5.63187
5.2499999999999316 5.98157
5.2599999999999314 6.14875
5.2699999999999312 6.31138
5.279999999999931 6.31138
5.2899999999999308 6.31138
5.2999999999999305 6.31138
5.3099999999999303 6.31138
5.3199999999999301 6.31138
5.3299999999999299 6.46983
5.3399999999999297 6.77535
5.3499999999999295 7.06739
5.3599999999999293 7.20888
5.3699999999999291 7.20888
5.3799999999999288 7.20888
5.3899999999999286 7.20888
5.3999999999999284 7.20888
5.4099999999999282 7.20888
5.419999999999928 7.20888
5.4299999999999278 7.3476
5.4399999999999276 7.61732
5.4499999999999273 7.87766
5.4599999999999271 8.12953
5.4699999999999269 8.12953
5.4799999999999267 8.12953
5.4899999999999265 8.12953
5.4999999999999263 8.12953
5.5099999999999261 8.12953
5.5199999999999259 8.12953
5.5299999999999256 8.25254
5.5399999999999254 8.49313
5.5499999999999252 8.72701
5.559999999999925 8.9547
5.5699999999999248 9.06637
5.5799999999999246 9.06637
5.5899999999999244 9.06637
5.5999999999999241 9.28564
5.6099999999999239 9.49979
5.6199999999999237 9.60506
5.6299999999999235 9.81216
5.6399999999999233 10.0149
5.6499999999999231 10.0149
5.6599999999999229 10.0149
5.6699999999999227 10.0149
5.6799999999999224 10.1148
5.6899999999999222 10.3116
5.699999999999922 10.5046
5.7099999999999218 10.6942
5.7199999999999216 10.7877
5.7299999999999214 10.9723
5.7399999999999212 10.9723
5.749999999999921 10.9723
5.7599999999999207 10.9723
5.7699999999999205 10.9723
5.7799999999999203 11.1538
5.7899999999999201 11.3324
5.7999999999999199 11.5082
5.8099999999999197 11.6813
5.8199999999999195 11.7669
5.8299999999999192 11.8519
5.839999999999919 11.8519
5.8499999999999188 11.8519
5.8599999999999186 11.8519
5.8699999999999184 11.9363
5.8799999999999182 12.1033
5.889999999999918 12.268
5.8999999999999178 12.4304
5.9099999999999175 12.5908
5.9199999999999173 12.6702
5.9299999999999171 12.7492
5.9399999999999169 12.7492
5.9499999999999167 12.7492
5.9599999999999165 12.7492
5.9699999999999163 12.7492
5.979999999999916 12.9056
5.9899999999999158 13.0601
5.9999999999999156 13.2128
6.0099999999999154 13.3637
6.0199999999999152 13.4385
6.029999999999915 13.587
6.0399999999999148 13.6606
6.0499999999999146 13.6606
6.0599999999999143 13.8066
6.0699999999999141 13.879
6.0799999999999139 14.0227
6.0899999999999137 14.165
6.0999999999999135 14.3058
6.1099999999999133 14.4453
6.1199999999999131 14.5145
6.1299999999999129 14.5834
6.1399999999999126 14.5834
6.1499999999999124 14.652
6.1599999999999122 14.7882
6.169999999999912 14.8558
6.1799999999999118 14.9901
6.1899999999999116 15.1232
6.1999999999999114 15.1232
6.2099999999999111 7.5
6.2199999999999109 7.5
6.2299999999999107 7.5
6.2399999999999105 7.5
6.2499999999999103 7.5
6.2599999999999101 7.5
6.2699999999999099 7.5
6.2799999999999097 7.5
6.2899999999999094 7.5
6.2999999999999092 7.63333
6.309999999999909 7.63333
6.3199999999999088 7.63333
6.3299999999999086 7.63333
6.3399999999999084 7.63333
6.3499999999999082 7.63333
6.3599999999999079 7.76434
6.3699999999999077 8.01982
6.3799999999999075 8.2673
6.3899999999999073 8.38826
6.3999999999999071 8.50747
6.4099999999999069 8.50747
6.4199999999999067 8.62501
6.4299999999999065 8.85536
6.4399999999999062 9.07979
6.449999999999906 9.29874
6.4599999999999058 9.40628
6.4699999999999056 9.40628
6.4799999999999054 9.51259
6.4899999999999052 9.72169
6.499999999999905 9.92634
6.5099999999999048 10.0271
6.5199999999999045 10.2256
6.5299999999999043 10.3234
6.5399999999999041 10.3234
6.5499999999999039 10.4202
6.5599999999999037 10.5162
6.5699999999999035 10.7055
6.5799999999999033 10.8915
6.589999999999903 11.0744
6.5999999999999028 11.2543
6.6099999999999026 11.2543
6.6199999999999024 11.2543
6.6299999999999022 11.2543
6.639999999999902 11.4313
6.6499999999999018 11.6056
6.6599999999999016 11.6917
6.6699999999999013 11.8622
6.6799999999999011 12.0302
6.6899999999999009 12.1959
6.6999999999999007 12.1959
6.7099999999999005 12.1959
6.7199999999999003 12.1959
6.7299999999999001 12.2779
6.7399999999998998 12.3593
6.7499999999998996 6.17965
6.7599999999998994 6.17965
6.7699999999998992 6.17965
6.779999999999899 6.17965
6.7899999999998988 6.17965
6.7999999999998986 6.17965
6.8099999999998984 6.17965
6.8199999999998981 6.17965
6.8299999999998979 6.17965
6.8399999999998977 6.17965
6.8499999999998975 6.34147
6.8599999999998973 6.34147
6.8699999999998971 6.34147
6.8799999999998969 6.34147
6.8899999999998967 6.34147
6.8999999999998964 6.34147
6.9099999999998962 6.34147
6.919999999999896 6.34147
6.9299999999998958 6.34147
6.9399999999998956 6.34147
6.9499999999998954 6.34147
6.9599999999998952 6.34147
6.9699999999998949 6.34147
6.9799999999998947 6.34147
6.9899999999998945 6.34147
6.9999999999998943 6.34147
7.0099999999998941 6.34147
7.0199999999998939 6.34147
7.0299999999998937 6.34147
7.0399999999998935 6.34147
7.0499999999998932 1
7.059999999999893 1
7.0699999999998928 1
7.0799999999998926 1
7.0899999999998924 1
7.0999999999998922 1
7.109999999999892 2
7.1199999999998917 2
7.1299999999998915 2
7.1399999999998913 2
7.1499999999998911 2
7.1599999999998909 2
7.1699999999998907 2
7.1799999999998905 3
7.1899999999998903 3.33333
7.19999999999989 3.33333
7.2099999999998898 3.33333
7.2199999999998896 3.33333
7.2299999999998894 3.33333
7.2399999999998892 3.33333
7.249999999999889 3.33333
7.2599999999998888 3.90856
7.2699999999998886 4.16441
7.2799999999998883 4.16441
7.2899999999998881 4.16441
7.2999999999998879 4.16441
7.3099999999998877 4.16441
7.3199999999998875 4.16441
7.3299999999998873 4.16441
7.3399999999998871 4.16441
7.3499999999998868 4.63158
7.3599999999998866 5.05378
7.3699999999998864 5.05378
7.3799999999998862 5.05378
7.389999999999886 5.05378
7.3999999999998858 5.05378
7.4099999999998856 5.05378
7.4199999999998854 5.05378
7.4299999999998851 5.05378
7.4399999999998849 5.25165
7.4499999999998847 5.62582
7.4599999999998845 5.97588
7.4699999999998843 5.97588
7.4799999999998841 5.97588
7.4899999999998839 5.97588
7.4999999999998836 6.14322
7.5099999999998834 6.46458
7.5199999999998832 6.77034
7.529999999999883 6.77034
7.5399999999998828 6.77034
7.5499999999998826 6.77034
7.5599999999998824 6.77034
7.5699999999998822 6.77034
7.5799999999998819 7.0626
7.5899999999998817 7.343
7.5999999999998815 7.61288
7.6099999999998813 7.61288
7.6199999999998811 7.61288
7.6299999999998809 7.61288
7.6399999999998807 7.61288
7.6499999999998805 7.74424
7.6599999999998802 8.00038
7.66999999999988 8.12537
7.6799999999998798 8.36968
7.6899999999998796 8.48916
7.6999999999998794 8.48916
7.7099999999998792 8.48916
7.719999999999879 8.48916
7.7299999999998787 8.48916
7.7399999999998785 8.60696
7.7499999999998783 8.83778
7.7599999999998781 9.06265
7.7699999999998779 9.06265
7.7799999999998777 9.06265
7.7899999999998775 9.06265
7.7999999999998773 9.06265
7.809999999999877 9.06265
7.8199999999998768 9.06265
7.8299999999998766 9.06265
7.8399999999998764 4.53132
7.8499999999998762 4.53132
7.859999999999876 4.53132
7.8699999999998758 4.53132
7.8799999999998755 4.53132
7.8899999999998753 4.53132
7.8999999999998751 4.53132
7.9099999999998749 4.53132
7.9199999999998747 4.53132
7.9299999999998745 4.53132
7.9399999999998743 4.96245
7.9499999999998741 5.35761
7.9599999999998738 5.35761
7.9699999999998736 5.35761
7.9799999999998734 5.35761
7.9899999999998732 5.35761
7.999999999999873 5.35761
8.0099999999998737 5.35761
8.0199999999998735 5.35761
8.0299999999998732 2.67881
8.039999999999873 2.67881
8.0499999999998728 2.67881
8.0599999999998726 2.67881
8.0699999999998724 2.67881
8.0799999999998722 2.67881
8.089999999999872 2.67881
8.0999999999998717 2.67881
8.1099999999998715 2.67881
8.1199999999998713 3.05211
8.1299999999998711 3.05211
8.1399999999998709 3.05211
8.1499999999998707 3.05211
8.1599999999998705 3.05211
8.1699999999998703 3.05211
8.17999999999987 3.05211
8.1899999999998698 3.05211
8.1999999999998696 3.37975
8.2099999999998694 3.37975
8.2199999999998692 3.37975
8.229999999999869 3.37975
8.2399999999998688 3.37975
8.2499999999998685 3.37975
8.2599999999998683 3.37975
8.2699999999998681 3.37975
8.2799999999998679 3.37975
8.2899999999998677 1.68987
8.2999999999998675 1.68987
8.3099999999998673 1.68987
8.3199999999998671 1.68987
8.3299999999998668 1.68987
8.3399999999998666 1.68987
8.3499999999998664 1.68987
8.3599999999998662 1.68987
8.369999999999866 1.68987
8.3799999999998658 1.68987
8.3899999999998656 2.68987
8.3999999999998654 2.68987
8.4099999999998651 2.68987
8.4199999999998649 2.68987
8.4299999999998647 2.68987
8.4399999999998645 2.68987
8.4499999999998643 2.68987
8.4599999999998641 2.68987
8.4699999999998639 3.38826
8.4799999999998636 3.38826
8.4899999999998634 3.38826
8.4999999999998632 3.38826
8.509999999999863 3.38826
8.5199999999998628 3.38826
8.5299999999998626 3.95489
8.5399999999998624 4.20774
8.5499999999998622 4.20774
8.5599999999998619 4.20774
8.5699999999998617 4.20774
8.5799999999998615 4.20774
8.5899999999998613 4.20774
8.5999999999998611 4.4454
8.6099999999998609 4.88446
8.6199999999998607 5.0892
8.6299999999998604 5.0892
8.6399999999998602 5.0892
8.64999999999986 5.0892
8.6599999999998598 5.0892
8.6699999999998596 5.47488
8.6799999999998594 5.65753
8.6899999999998592 6.00569
8.699999999999859 6.00569
8.7099999999998587 6.00569
8.7199999999998585 6.00569
8.7299999999998583 6.00569
8.7399999999998581 6.00569
8.7499999999998579 6.33421
8.7599999999998577 6.64612
8.7699999999998575 6.94372
8.7799999999998573 6.94372
8.789999999999857 6.94372
8.7999999999998568 6.94372
8.8099999999998566 6.94372
8.8199999999998564 6.94372
8.8299999999998562 6.94372
8.839999999999856 7.22882
8.8499999999998558 7.50289
8.8599999999998555 7.76713
8.8699999999998553 7.76713
8.8799999999998551 7.76713
8.8899999999998549 7.76713
8.8999999999998547 7.76713
8.9099999999998545 7.76713
8.9199999999998543 7.76713
8.9299999999998541 7.89588
8.9399999999998538 8.14718
8.9499999999998536 8.26992
8.9599999999998534 8.26992
8.9699999999998532 8.26992
8.979999999999853 8.26992
8.9899999999998528 8.26992
8.9999999999998526 8.26992
9.0099999999998523 8.26992
9.0199999999998521 8.26992
9.0299999999998519 4.13496
9.0399999999998517 4.13496
9.0499999999998515 4.13496
9.0599999999998513 4.13496
9.0699999999998511 4.13496
9.0799999999998509 4.13496
9.0899999999998506 4.13496
9.0999999999998504 4.13496
9.1099999999998502 4.13496
9.11999999999985 4.13496
9.1299999999998498 4.13496
9.1399999999998496 4.3768
9.1499999999998494 4.60528
9.1599999999998492 4.60528
9.1699999999998489 4.60528
9.1799999999998487 4.60528
9.1899999999998485 4.60528
9.1999999999998483 4.60528
9.2099999999998481 4.60528
9.2199999999998479 4.60528
9.2299999999998477 4.60528
9.2399999999998474 2.30264
9.2499999999998472 2.30264
9.259999999999847 2.30264
9.2699999999998468 2.30264
9.2799999999998466 2.30264
9.2899999999998464 2.30264
9.2999999999998462 2.30264
9.309999999999846 2.30264
9.3199999999998457 2.30264
9.3299999999998455 2.30264
9.3399999999998453 2.73692
9.3499999999998451 2.73692
9.3599999999998449 2.73692
9.3699999999998447 2.73692
9.3799999999998445 2.73692
9.3899999999998442 2.73692
9.399999999999844 2.73692
9.4099999999998438 3.42464
9.4199999999998436 3.42464
9.4299999999998434 3.42464
9.4399999999998432 3.42464
9.449999999999843 3.42464
9.4599999999998428 3.42464
9.4699999999998425 3.9857
9.4799999999998423 4.2366
9.4899999999998421 4.2366
9.4999999999998419 4.2366
9.5099999999998417 4.2366
9.5199999999998415 4.2366
9.5299999999998413 4.69622
9.5399999999998411 5.11286
9.5499999999998408 5.11286
9.5599999999998406 5.11286
9.5699999999998404 5.11286
9.5799999999998402 5.11286
9.58999999999984 5.49682
9.5999999999998398 5.67874
9.6099999999998396 6.02564
9.6199999999998393 6.02564
9.6299999999998391 6.02564
9.6399999999998389 6.02564
9.6499999999998387 6.3531
9.6599999999998385 6.51051
9.6699999999998383 6.66411
9.6799999999998381 6.81416
9.6899999999998379 6.96092
9.6999999999998376 7.10458
9.7099999999998374 7.24533
9.7199999999998372 7.38335
9.729999999999837 7.38335
9.7399999999998368 7.51879
9.7499999999998366 7.78248
9.7599999999998364 7.91097
9.7699999999998361 8.03738
9.7799999999998359 8.28432
9.7899999999998357 8.28432
9.7999999999998355 8.28432
9.8099999999998353 8.52401
9.8199999999998351 8.64132
9.8299999999998349 8.87124
9.8399999999998347 9.09527
9.8499999999998344 9.20522
9.8599999999998342 9.20522
9.869999999999834 9.20522
9.8799999999998338 9.31385
9.8899999999998336 9.52736
9.8999999999998334 9.73614
9.9099999999998332 9.94049
9.919999999999833 10.0411
9.9299999999998327 10.1407
9.9399999999998325 10.1407
9.9499999999998323 10.1407
9.9599999999998321 10.337
9.9699999999998319 10.4337
9.9799999999998317 10.6245
9.9899999999998315 10.8119
9.9999999999998312 10.9961
