1 438
2 214
3 202
4 201
5 201
6 231
7 202
8 201
9 201
10 201
11 204
12 207
13 216
14 201
15 201
16 201
17 201
18 201
19 201
20 201
21 201
22 219
23 203
24 201
25 207
26 208
27 211
28 200
29 200
30 201
31 201
32 265
33 201
34 229
35 202
36 206
37 203
38 201
39 201
40 200
41 201
42 221
43 203
44 220
45 200
46 221
47 201
48 200
49 217
50 201
51 200
52 201
53 201
54 201
55 201
56 206
57 205
58 201
59 201
60 211
61 201
62 201
63 209
64 208
65 236
66 200
67 201
68 201
69 201
70 240
71 201
72 202
73 201
74 203
75 221
76 200
77 219
78 201
79 224
80 245
81 206
82 201
83 204
84 206
85 209
86 202
87 201
88 201
89 207
90 210
91 201
92 201
93 204
94 234
95 203
96 201
97 200
98 201
99 213
100 201
