1.1000000000000001 22.7908
1.1100000000000001 22.8784
1.1200000000000001 22.9658
1.1300000000000001 23.0528
1.1400000000000001 23.1394
1.1500000000000001 23.1827
1.1600000000000001 23.2689
1.1700000000000002 23.3547
1.1800000000000002 23.4403
1.1900000000000002 23.5255
1.2000000000000002 23.568
1.2100000000000002 23.6528
1.2200000000000002 23.7373
1.2300000000000002 23.8215
1.2400000000000002 23.9054
1.2500000000000002 23.9472
1.2600000000000002 24.0306
1.2700000000000002 24.1138
1.2800000000000002 24.1967
1.2900000000000003 24.2793
1.3000000000000003 24.3616
1.3100000000000003 24.4026
1.3200000000000003 24.4845
1.3300000000000003 24.5661
1.3400000000000003 24.6475
1.3500000000000003 24.7285
1.3600000000000003 24.769
1.3700000000000003 24.8497
1.3800000000000003 24.9301
1.3900000000000003 25.0102
1.4000000000000004 25.0901
1.4100000000000004 25.13
1.4200000000000004 25.2095
1.4300000000000004 25.2888
1.4400000000000004 25.3678
1.4500000000000004 25.4466
1.4600000000000004 25.4859
1.4700000000000004 25.5643
1.4800000000000004 25.6425
1.4900000000000004 25.7204
1.5000000000000004 25.7981
1.5100000000000005 25.8369
1.5200000000000005 25.9142
1.5300000000000005 25.9914
1.5400000000000005 26.0682
1.5500000000000005 26.1449
1.5600000000000005 26.1832
1.5700000000000005 26.2595
1.5800000000000005 26.3356
1.5900000000000005 26.4115
1.6000000000000005 26.4872
1.6100000000000005 26.5249
1.6200000000000006 26.6003
1.6300000000000006 26.6754
1.6400000000000006 26.7503
1.6500000000000006 26.825
1.6600000000000006 26.8623
1.6700000000000006 26.9367
1.6800000000000006 27.0109
1.6900000000000006 27.0849
1.7000000000000006 27.1587
1.7100000000000006 27.1955
1.7200000000000006 27.269
1.7300000000000006 27.3423
1.7400000000000007 27.4154
1.7500000000000007 27.4883
1.7600000000000007 27.5247
1.7700000000000007 27.5973
1.7800000000000007 27.6697
1.7900000000000007 27.7419
1.8000000000000007 27.814
1.8100000000000007 27.8499
1.8200000000000007 27.9217
1.8300000000000007 27.9933
1.8400000000000007 28.0647
1.8500000000000008 28.1359
1.8600000000000008 28.1715
1.8700000000000008 28.2424
1.8800000000000008 28.3132
1.8900000000000008 28.3838
1.9000000000000008 28.4542
1.9100000000000008 28.4893
1.9200000000000008 28.5595
1.9300000000000008 28.6295
1.9400000000000008 28.6993
1.9500000000000008 28.7689
1.9600000000000009 28.8037
1.9700000000000009 28.8731
1.9800000000000009 28.9423
1.9900000000000009 29.0114
2.0000000000000009 29.0803
2.0100000000000007 29.149
2.0200000000000005 29.1833
2.0300000000000002 29.2518
2.04 29.3201
2.0499999999999998 29.3883
2.0599999999999996 29.4563
2.0699999999999994 29.4903
2.0799999999999992 29.5581
2.089999999999999 29.6257
2.0999999999999988 29.6932
2.1099999999999985 29.7605
2.1199999999999983 29.7941
2.1299999999999981 29.8612
2.1399999999999979 29.9281
2.1499999999999977 29.9949
2.1599999999999975 30.0615
2.1699999999999973 30.0948
2.1799999999999971 30.1612
2.1899999999999968 30.2275
2.1999999999999966 30.2936
2.2099999999999964 30.3596
2.2199999999999962 30.3925
2.229999999999996 30.4583
2.2399999999999958 30.5239
2.2499999999999956 30.5894
2.2599999999999953 30.6548
2.2699999999999951 30.6874
2.2799999999999949 30.7525
2.2899999999999947 30.8175
2.2999999999999945 30.8824
2.3099999999999943 30.9471
2.3199999999999941 30.9794
2.3299999999999939 31.044
2.3399999999999936 31.1084
2.3499999999999934 31.1726
2.3599999999999932 31.2367
2.369999999999993 31.2688
2.3799999999999928 31.3327
2.3899999999999926 31.3965
2.3999999999999924 31.4602
2.4099999999999921 31.5237
2.4199999999999919 31.5554
2.4299999999999917 31.6188
2.4399999999999915 31.682
2.4499999999999913 31.7451
2.4599999999999911 31.8081
2.4699999999999909 31.8395
2.4799999999999907 31.9023
2.4899999999999904 31.9649
2.4999999999999902 32.0275
2.50999999999999 32.0899
2.5199999999999898 32.1211
2.5299999999999896 32.1833
2.5399999999999894 32.2454
2.5499999999999892 32.3074
2.559999999999989 32.3693
2.5699999999999887 32.4002
2.5799999999999885 32.4619
2.5899999999999883 32.5234
2.5999999999999881 32.5849
2.6099999999999879 32.6463
2.6199999999999877 32.6769
2.6299999999999875 32.7381
2.6399999999999872 32.7991
2.649999999999987 32.8601
2.6599999999999868 32.9209
2.6699999999999866 32.9513
2.6799999999999864 32
2.6899999999999862 32.0625
2.699999999999986 32.1248
2.7099999999999858 32.187
2.7199999999999855 32.2492
2.7299999999999853 32.2802
2.7399999999999851 32.3421
2.7499999999999849 32.4039
2.7599999999999847 32.4656
2.7699999999999845 32.5272
2.7799999999999843 32.5579
2.789999999999984 32.6193
2.7999999999999838 32.6806
2.8099999999999836 32.7418
2.8199999999999834 32.8028
2.8299999999999832 32.8333
2.839999999999983 32.8942
2.8499999999999828 32.955
2.8599999999999826 32
2.8699999999999823 32.0625
2.8799999999999821 32.0937
2.8899999999999819 32.1559
2.8999999999999817 32.2181
2.9099999999999815 32.2802
2.9199999999999813 32.3421
2.9299999999999811 32.373
2.9399999999999809 32.4348
2.9499999999999806 32.4964
2.9599999999999804 32.5579
2.9699999999999802 32.6193
2.97999999999998 32.65
2.9899999999999798 32.7112
2.9999999999999796 32.7723
3.0099999999999794 32.8333
3.0199999999999791 32.8942
3.0299999999999789 32.9246
3.0399999999999787 32.9853
3.0499999999999785 32.0312
3.0599999999999783 32.0937
3.0699999999999781 32.1559
3.0799999999999779 32.187
3.0899999999999777 32.2492
3.0999999999999774 32.3111
3.1099999999999772 32.373
3.119999999999977 32.4348
3.1299999999999768 32.4656
3.1399999999999766 32.5272
3.1499999999999764 32.5886
3.1599999999999762 32.65
3.1699999999999759 32.6806
3.1799999999999757 32.6806
3.1899999999999755 32.7418
3.1999999999999753 32.8028
3.2099999999999751 32.8638
3.2199999999999749 32.9246
3.2299999999999747 32.955
3.2399999999999745 32
3.2499999999999742 32.0625
3.259999999999974 32.1248
3.2699999999999738 32.1248
3.2799999999999736 32.1248
3.2899999999999734 32.1559
3.2999999999999732 32.2181
3.309999999999973 32.2802
3.3199999999999728 32.3421
3.3299999999999725 32.373
3.3399999999999723 32.4348
3.3499999999999721 32.4964
3.3599999999999719 32.5579
3.3699999999999717 32.5886
3.3799999999999715 32.5886
3.3899999999999713 32.5886
3.399999999999971 32.5886
3.4099999999999708 32.5886
3.4199999999999706 32.65
3.4299999999999704 32.6806
3.4399999999999702 32.7418
3.44999999999997 32.8028
3.4599999999999698 32.8638
3.4699999999999696 32.9246
3.4799999999999693 32.955
3.4899999999999691 32
3.4999999999999689 32.0312
3.5099999999999687 32.0312
3.5199999999999685 32.0312
3.5299999999999683 32.0312
3.5399999999999681 32.0312
3.5499999999999678 32.0312
3.5599999999999676 7.5
3.5699999999999674 7.5
3.5799999999999672 7.5
3.589999999999967 7.5
3.5999999999999668 7.5
3.6099999999999666 7.5
3.6199999999999664 7.5
3.6299999999999661 7.5
3.6399999999999659 7.5
3.6499999999999657 7.63333
3.6599999999999655 7.63333
3.6699999999999653 7.63333
3.6799999999999651 7.63333
3.6899999999999649 7.63333
3.6999999999999647 7.63333
3.7099999999999644 7.63333
3.7199999999999642 7.76434
3.729999999999964 7.89313
3.7399999999999638 8.14452
3.7499999999999636 8.38826
3.7599999999999634 8.50747
3.7699999999999632 8.50747
3.7799999999999629 8.50747
3.7899999999999627 8.74096
3.7999999999999625 8.96829
3.8099999999999623 9.18992
3.8199999999999621 9.40628
3.8299999999999619 9.40628
3.8399999999999617 9.40628
3.8499999999999615 9.61772
3.8599999999999612 9.82455
3.869999999999961 10.0271
3.8799999999999608 10.1268
3.8899999999999606 10.3234
3.8999999999999604 10.3234
3.9099999999999602 10.4202
3.91999999999996 10.6113
3.9299999999999597 10.7055
3.9399999999999595 10.7989
3.9499999999999593 10.9833
3.9599999999999591 11.1647
3.9699999999999589 11.2543
3.9799999999999587 11.2543
3.9899999999999585 11.2543
3.9999999999999583 11.4313
4.009999999999958 11.6056
4.0199999999999578 11.7773
4.0299999999999576 11.8622
4.0399999999999574 12.0302
4.0499999999999572 12.1959
4.059999999999957 12.1959
4.0699999999999568 12.1959
4.0799999999999566 12.1959
4.0899999999999563 12.3593
4.0999999999999561 12.5206
4.1099999999999559 12.6798
4.1199999999999557 12.8371
4.1299999999999555 12.915
4.1399999999999553 13.0694
4.1499999999999551 13.1459
4.1599999999999548 13.1459
4.1699999999999546 13.222
4.1799999999999544 13.2976
4.1899999999999542 13.4476
4.199999999999954 13.5959
4.2099999999999538 13.7426
4.2199999999999536 13.8877
4.2299999999999534 13.9597
4.2399999999999531 14.1026
4.2499999999999529 14.1026
4.2599999999999527 14.1026
4.2699999999999525 14.1736
4.2799999999999523 14.2441
4.2899999999999521 14.3842
4.2999999999999519 14.5229
4.3099999999999516 14.6603
4.3199999999999514 14.7964
4.3299999999999512 14.864
4.339999999999951 14.9982
4.3499999999999508 15.0649
4.3599999999999506 15.0649
4.3699999999999504 15.0649
4.3799999999999502 15.0649
4.3899999999999499 15.1974
4.3999999999999497 15.3287
4.4099999999999495 15.4589
4.4199999999999493 15.588
4.4299999999999491 15.716
4.4399999999999489 15.7796
4.4499999999999487 15.9061
4.4599999999999485 16.0316
4.4699999999999482 16.0316
4.479999999999948 16.0316
4.4899999999999478 16.0316
4.4999999999999476 16.0316
4.5099999999999474 16.1561
4.5199999999999472 16.2797
4.529999999999947 16.4023
4.5399999999999467 16.4633
4.5499999999999465 16.5845
4.5599999999999463 16.7049
4.5699999999999461 16.8244
4.5799999999999459 16.9431
4.5899999999999457 16.9431
4.5999999999999455 16.9431
4.6099999999999453 16.9431
4.619999999999945 16.9431
4.6299999999999448 17.0021
4.6399999999999446 17.0609
4.6499999999999444 17.178
4.6599999999999442 17.2942
4.669999999999944 17.4096
4.6799999999999438 17.5243
4.6899999999999435 17.5814
4.6999999999999433 17.695
4.7099999999999431 17.8078
4.7199999999999429 17.8078
4.7299999999999427 17.8078
4.7399999999999425 17.8078
4.7499999999999423 17.8078
4.7599999999999421 17.864
4.7699999999999418 17.9758
4.7799999999999416 18.0868
4.7899999999999414 18.1421
4.7999999999999412 18.2522
4.809999999999941 18.3616
4.8199999999999408 18.4704
4.8299999999999406 18.5785
4.8399999999999403 18.6323
4.8499999999999401 18.6323
4.8599999999999399 18.6323
4.8699999999999397 18.6323
4.8799999999999395 18.6323
4.8899999999999393 18.6323
4.8999999999999391 18.6323
4.9099999999999389 7.5
4.9199999999999386 7.5
4.9299999999999384 7.5
4.9399999999999382 7.5
4.949999999999938 7.5
4.9599999999999378 7.5
4.9699999999999376 7.5
4.9799999999999374 7.5
4.9899999999999372 7.5
4.9999999999999369 7.5
5.0099999999999367 7.5
5.0199999999999365 7.5
5.0299999999999363 7.63333
5.0399999999999361 7.63333
5.0499999999999359 7.63333
5.0599999999999357 7.63333
5.0699999999999354 7.63333
5.0799999999999352 7.63333
5.089999999999935 7.63333
5.0999999999999348 7.89313
5.1099999999999346 8.14452
5.1199999999999344 8.38826
5.1299999999999342 8.50747
5.139999999999934 8.50747
5.1499999999999337 8.50747
5.1599999999999335 8.50747
5.1699999999999333 8.50747
5.1799999999999331 8.50747
5.1899999999999329 8.50747
5.1999999999999327 8.62501
5.2099999999999325 8.85536
5.2199999999999322 9.07979
5.229999999999932 9.29874
5.2399999999999318 9.40628
5.2499999999999316 9.40628
5.2599999999999314 9.40628
5.2699999999999312 9.40628
5.279999999999931 9.40628
5.2899999999999308 9.40628
5.2999999999999305 9.40628
5.3099999999999303 9.40628
5.3199999999999301 9.61772
5.3299999999999299 9.82455
5.3399999999999297 9.92634
5.3499999999999295 10.1268
5.3599999999999293 10.3234
5.3699999999999291 10.3234
5.3799999999999288 10.3234
5.3899999999999286 10.3234
5.3999999999999284 10.3234
5.4099999999999282 10.3234
5.419999999999928 10.3234
5.4299999999999278 10.3234
5.4399999999999276 10.4202
5.4499999999999273 10.5162
5.4599999999999271 10.7055
5.4699999999999269 10.8915
5.4799999999999267 10.8915
5.4899999999999265 5.44577
5.4999999999999263 5.44577
5.5099999999999261 5.44577
5.5199999999999259 5.44577
5.5299999999999256 5.44577
5.5399999999999254 5.44577
5.5499999999999252 5.44577
5.559999999999925 5.44577
5.5699999999999248 5.44577
5.5799999999999246 5.44577
5.5899999999999244 5.44577
5.5999999999999241 5.44577
5.6099999999999239 5.44577
5.6199999999999237 5.44577
5.6299999999999235 5.44577
5.6399999999999233 5.44577
5.6499999999999231 5.44577
5.6599999999999229 5.44577
5.6699999999999227 5.44577
5.6799999999999224 5.44577
5.6899999999999222 5.44577
5.699999999999922 5.44577
5.7099999999999218 5.44577
5.7199999999999216 5.62939
5.7299999999999214 5.80703
5.7399999999999212 5.80703
5.749999999999921 5.80703
5.7599999999999207 5.80703
5.7699999999999205 5.80703
5.7799999999999203 5.80703
5.7899999999999201 5.80703
5.7999999999999199 5.80703
5.8099999999999197 5.80703
5.8199999999999195 6.14648
5.8299999999999192 6.46768
5.839999999999919 6.62229
5.8499999999999188 6.62229
5.8599999999999186 6.62229
5.8699999999999184 6.62229
5.8799999999999182 6.62229
5.889999999999918 6.62229
5.8999999999999178 6.62229
5.9099999999999175 6.62229
5.9199999999999173 6.62229
5.9299999999999171 6.92094
5.9399999999999169 7.20696
5.9499999999999167 7.34571
5.9599999999999165 7.48185
5.9699999999999163 7.48185
5.979999999999916 7.48185
5.9899999999999158 7.48185
5.9999999999999156 7.48185
6.0099999999999154 7.48185
6.0199999999999152 7.48185
6.029999999999915 7.48185
6.0399999999999148 7.61551
6.0499999999999146 7.74682
6.0599999999999143 8.00287
6.0699999999999141 8.25086
6.0799999999999139 8.37206
6.0899999999999137 8.37206
6.0999999999999135 8.37206
6.1099999999999133 8.37206
6.1199999999999131 8.37206
6.1299999999999129 8.37206
6.1399999999999126 8.37206
6.1499999999999124 8.37206
6.1599999999999122 8.37206
6.169999999999912 8.60927
6.1799999999999118 8.84003
6.1899999999999116 9.06485
6.1999999999999114 9.28415
6.2099999999999111 9.28415
6.2199999999999109 9.28415
6.2299999999999107 9.28415
6.2399999999999105 9.28415
6.2499999999999103 9.28415
6.2599999999999101 9.28415
6.2699999999999099 9.28415
6.2799999999999097 9.28415
6.2899999999999094 9.39186
6.2999999999999092 9.60362
6.309999999999909 9.70775
6.3199999999999088 9.91269
6.3299999999999086 9.91269
6.3399999999999084 9.91269
6.3499999999999082 9.91269
6.3599999999999079 9.91269
6.3699999999999077 9.91269
6.3799999999999075 9.91269
6.3899999999999073 9.91269
6.3999999999999071 9.91269
6.4099999999999069 9.91269
6.4199999999999067 4.95634
6.4299999999999065 4.95634
6.4399999999999062 4.95634
6.449999999999906 4.95634
6.4599999999999058 4.95634
6.4699999999999056 4.95634
6.4799999999999054 4.95634
6.4899999999999052 4.95634
6.499999999999905 4.95634
6.5099999999999048 4.95634
6.5199999999999045 4.95634
6.5299999999999043 4.95634
6.5399999999999041 4.95634
6.5499999999999039 5.35197
6.5599999999999037 5.53882
6.5699999999999035 5.71936
6.5799999999999033 5.71936
6.589999999999903 5.71936
6.5999999999999028 5.71936
6.6099999999999026 5.71936
6.6199999999999024 5.71936
6.6299999999999022 5.71936
6.639999999999902 5.71936
6.6499999999999018 5.89421
6.6599999999999016 6.06387
6.6699999999999013 6.38932
6.6799999999999011 6.54583
6.6899999999999009 6.54583
6.6999999999999007 6.54583
6.7099999999999005 6.54583
6.7199999999999003 6.54583
6.7299999999999001 6.54583
6.7399999999998998 6.54583
6.7499999999998996 6.54583
6.7599999999998994 6.54583
6.7699999999998992 6.84789
6.779999999999899 7.1369
6.7899999999998988 7.41444
6.7999999999998986 7.41444
6.8099999999998984 7.41444
6.8199999999998981 7.41444
6.8299999999998979 7.41444
6.8399999999998977 7.41444
6.8499999999998975 7.41444
6.8599999999998973 7.41444
6.8699999999998971 7.41444
6.8799999999998969 7.54931
6.8899999999998967 7.81195
6.8999999999998964 8.0659
6.9099999999998962 8.31198
6.919999999999896 8.31198
6.9299999999998958 8.31198
6.9399999999998956 8.31198
6.9499999999998954 8.31198
6.9599999999998952 8.31198
6.9699999999998949 8.31198
6.9799999999998947 8.31198
6.9899999999998945 8.31198
6.9999999999998943 8.43229
7.0099999999998941 8.66783
7.0199999999998939 8.7832
7.0299999999998937 9.00945
7.0399999999998935 9.23009
7.0499999999998932 9.23009
7.059999999999893 9.23009
7.0699999999998928 9.23009
7.0799999999998926 9.23009
7.0899999999998924 9.23009
7.0999999999998922 9.23009
7.109999999999892 9.23009
7.1199999999998917 9.23009
7.1299999999998915 9.33843
7.1399999999998913 9.55138
7.1499999999998911 9.75964
7.1599999999998909 9.86211
7.1699999999998907 9.86211
7.1799999999998905 9.86211
7.1899999999998903 9.86211
7.19999999999989 9.86211
7.2099999999998898 9.86211
7.2199999999998896 9.86211
7.2299999999998894 9.86211
7.2399999999998892 9.86211
7.249999999999889 9.86211
7.2599999999998888 4.93105
7.2699999999998886 4.93105
7.2799999999998883 4.93105
7.2899999999998881 4.93105
7.2999999999998879 4.93105
7.3099999999998877 4.93105
7.3199999999998875 4.93105
7.3299999999998873 4.93105
7.3399999999998871 4.93105
7.3499999999998868 4.93105
7.3599999999998866 4.93105
7.3699999999998864 4.93105
7.3799999999998862 4.93105
7.389999999999886 5.32864
7.3999999999998858 5.69758
7.4099999999998856 5.69758
7.4199999999998854 5.69758
7.4299999999998851 5.69758
7.4399999999998849 5.69758
7.4499999999998847 5.69758
7.4599999999998845 5.69758
7.4699999999998843 5.69758
7.4799999999998841 5.69758
7.4899999999998839 5.87309
7.4999999999998836 6.20883
7.5099999999998834 6.52688
7.5199999999998832 6.52688
7.529999999999883 6.52688
7.5399999999998828 6.52688
7.5499999999998826 6.52688
7.5599999999998824 6.52688
7.5699999999998822 6.52688
7.5799999999998819 6.52688
7.5899999999998817 6.52688
7.5999999999998815 6.6801
7.6099999999998813 6.97621
7.6199999999998811 7.26001
7.6299999999998809 7.39775
7.6399999999998807 7.39775
7.6499999999998805 7.39775
7.6599999999998802 7.39775
7.66999999999988 7.39775
7.6799999999998798 7.39775
7.6899999999998796 7.39775
7.6999999999998794 7.39775
7.7099999999998792 7.39775
7.719999999999879 7.66568
7.7299999999998787 7.79613
7.7399999999998785 8.05059
7.7499999999998783 8.29714
7.7599999999998781 8.29714
7.7699999999998779 8.29714
7.7799999999998777 8.29714
7.7899999999998775 8.29714
7.7999999999998773 8.29714
7.809999999999877 8.29714
7.8199999999998768 8.29714
7.8299999999998766 8.29714
7.8399999999998764 8.41766
7.8499999999998762 8.6536
7.859999999999876 8.8832
7.8699999999998758 9.10693
7.8799999999998755 9.21674
7.8899999999998753 9.21674
7.8999999999998751 9.21674
7.9099999999998749 9.21674
7.9199999999998747 9.21674
7.9299999999998745 9.21674
7.9399999999998743 9.21674
7.9499999999998741 9.21674
7.9599999999998738 9.21674
7.9699999999998736 9.43247
7.9799999999998734 9.53849
7.9899999999998732 9.74703
7.999999999999873 9.95115
8.0099999999998737 9.95115
8.0199999999998735 9.95115
8.0299999999998732 9.95115
8.039999999999873 9.95115
8.0499999999998728 9.95115
8.0599999999998726 9.95115
8.0699999999998724 9.95115
8.0799999999998722 9.95115
8.089999999999872 9.95115
8.0999999999998717 4.97557
8.1099999999998715 4.97557
8.1199999999998713 4.97557
8.1299999999998711 4.97557
8.1399999999998709 4.97557
8.1499999999998707 4.97557
8.1599999999998705 4.97557
8.1699999999998703 4.97557
8.17999999999987 4.97557
8.1899999999998698 4.97557
8.1999999999998696 4.97557
8.2099999999998694 4.97557
8.2199999999998692 4.97557
8.229999999999869 5.36973
8.2399999999998688 5.55596
8.2499999999998685 5.55596
8.2599999999998683 5.55596
8.2699999999998681 5.55596
8.2799999999998679 5.55596
8.2899999999998677 5.55596
8.2999999999998675 5.55596
8.3099999999998673 5.55596
8.3199999999998671 5.55596
8.3299999999998668 5.91029
8.3399999999998666 6.07949
8.3499999999998664 6.40413
8.3599999999998662 6.40413
8.369999999999866 6.40413
8.3799999999998658 6.40413
8.3899999999998656 6.40413
8.3999999999998654 6.40413
8.4099999999998651 6.40413
8.4199999999998649 6.40413
8.4299999999998647 6.40413
8.4399999999998645 6.56028
8.4499999999998643 6.86168
8.4599999999998641 7.15012
8.4699999999998639 7.28998
8.4799999999998636 7.28998
8.4899999999998634 7.28998
8.4999999999998632 7.28998
8.509999999999863 7.28998
8.5199999999998628 7.28998
8.5299999999998626 7.28998
8.5399999999998624 7.28998
8.5499999999998622 7.28998
8.5599999999998619 7.5618
8.5699999999998617 7.82401
8.5799999999998615 8.07758
8.5899999999998613 8.20138
8.5999999999998611 8.20138
8.6099999999998609 8.20138
8.6199999999998607 8.20138
8.6299999999998604 8.20138
8.6399999999998602 8.20138
8.64999999999986 8.20138
8.6599999999998598 8.20138
8.6699999999998596 8.20138
8.6799999999998594 8.44345
8.6899999999998592 8.56189
8.699999999999859 8.79391
8.7099999999998587 9.01989
8.7199999999998585 9.13076
8.7299999999998583 9.13076
8.7399999999998581 9.13076
8.7499999999998579 9.13076
8.7599999999998577 9.13076
8.7699999999998575 9.13076
8.7799999999998573 9.13076
8.789999999999857 9.13076
8.7999999999998568 9.13076
8.8099999999998566 9.3485
8.8199999999998564 9.56123
8.8299999999998562 9.76927
8.839999999999856 9.87163
8.8499999999998558 9.87163
8.8599999999998555 9.87163
8.8699999999998553 9.87163
8.8799999999998551 9.87163
8.8899999999998549 9.87163
8.8999999999998547 9.87163
8.9099999999998545 9.87163
8.9199999999998543 9.87163
8.9299999999998541 9.87163
8.9399999999998538 4.93582
8.9499999999998536 4.93582
8.9599999999998534 4.93582
8.9699999999998532 4.93582
8.979999999999853 4.93582
8.9899999999998528 4.93582
8.9999999999998526 4.93582
9.0099999999998523 4.93582
9.0199999999998521 4.93582
9.0299999999998519 4.93582
9.0399999999998517 4.93582
9.0499999999998515 4.93582
9.0599999999998513 4.93582
9.0699999999998511 5.33303
9.0799999999998509 5.52054
9.0899999999998506 5.52054
9.0999999999998504 5.52054
9.1099999999998502 5.52054
9.11999999999985 5.52054
9.1299999999998498 5.52054
9.1399999999998496 5.52054
9.1499999999998494 5.52054
9.1599999999998492 5.52054
9.1699999999998489 5.87707
9.1799999999998487 6.21259
9.1899999999998485 6.37355
9.1999999999998483 6.37355
9.2099999999998481 6.37355
9.2199999999998479 6.37355
9.2299999999998477 6.37355
9.2399999999998474 6.37355
9.2499999999998472 6.37355
9.259999999999847 6.37355
9.2699999999998468 6.37355
9.2799999999998466 6.68358
9.2899999999998464 6.97954
9.2999999999998462 7.12282
9.309999999999846 7.26321
9.3199999999998457 7.26321
9.3299999999998455 7.26321
9.3399999999998453 7.26321
9.3499999999998451 7.26321
9.3599999999998449 7.26321
9.3699999999998447 7.26321
9.3799999999998445 7.26321
9.3899999999998442 7.40089
9.399999999999844 7.53601
9.4099999999998438 7.79911
9.4199999999998436 8.05347
9.4299999999998434 8.17764
9.4399999999998432 8.17764
9.449999999999843 8.17764
9.4599999999998428 8.17764
9.4699999999998425 8.17764
9.4799999999998423 8.17764
9.4899999999998421 8.17764
9.4999999999998419 8.17764
9.5099999999998417 8.17764
9.5199999999998415 8.42041
9.5299999999998413 8.65628
9.5399999999998411 8.8858
9.5499999999998408 8.99834
9.5599999999998406 9.10947
9.5699999999998404 9.10947
9.5799999999998402 9.10947
9.58999999999984 9.10947
9.5999999999998398 9.10947
9.6099999999998396 9.10947
9.6199999999998393 9.10947
9.6299999999998391 9.10947
9.6399999999998389 9.21925
9.6499999999998387 9.43492
9.6599999999998385 9.54091
9.6699999999998383 9.7494
9.6799999999998381 9.95347
9.6899999999998379 9.95347
9.6999999999998376 9.95347
9.7099999999998374 9.95347
9.7199999999998372 9.95347
9.729999999999837 9.95347
9.7399999999998368 9.95347
9.7499999999998366 9.95347
9.7599999999998364 9.95347
9.7699999999998361 9.95347
9.7799999999998359 4.97674
9.7899999999998357 4.97674
9.7999999999998355 4.97674
9.8099999999998353 4.97674
9.8199999999998351 4.97674
9.8299999999998349 4.97674
9.8399999999998347 4.97674
9.8499999999998344 4.97674
9.8599999999998342 4.97674
9.869999999999834 4.97674
9.8799999999998338 4.97674
9.8899999999998336 4.97674
9.8999999999998334 4.97674
9.9099999999998332 5.17767
9.919999999999833 5.37081
9.9299999999998327 5.37081
9.9399999999998325 5.37081
9.9499999999998323 5.37081
9.9599999999998321 5.37081
9.9699999999998319 5.37081
9.9799999999998317 5.37081
9.9899999999998315 5.37081
9.9999999999998312 5.557
