1.1000000000000001 22.7908
1.1100000000000001 22.8784
1.1200000000000001 22.9658
1.1300000000000001 23.0528
1.1400000000000001 23.1394
1.1500000000000001 23.1827
1.1600000000000001 23.2689
1.1700000000000002 23.3547
1.1800000000000002 23.4403
1.1900000000000002 23.5255
1.2000000000000002 23.568
1.2100000000000002 23.6528
1.2200000000000002 23.7373
1.2300000000000002 23.8215
1.2400000000000002 23.9054
1.2500000000000002 23.9472
1.2600000000000002 24.0306
1.2700000000000002 24.1138
1.2800000000000002 24.1967
1.2900000000000003 24.2793
1.3000000000000003 24.3616
1.3100000000000003 24.4026
1.3200000000000003 24.4845
1.3300000000000003 24.5661
1.3400000000000003 24.6475
1.3500000000000003 24.7285
1.3600000000000003 24.769
1.3700000000000003 24.8497
1.3800000000000003 24.9301
1.3900000000000003 25.0102
1.4000000000000004 25.0901
1.4100000000000004 25.13
1.4200000000000004 25.2095
1.4300000000000004 25.2888
1.4400000000000004 25.3678
1.4500000000000004 25.4466
1.4600000000000004 25.4859
1.4700000000000004 25.5643
1.4800000000000004 25.6425
1.4900000000000004 25.7204
1.5000000000000004 25.7981
1.5100000000000005 25.8369
1.5200000000000005 25.9142
1.5300000000000005 25.9914
1.5400000000000005 26.0682
1.5500000000000005 26.1449
1.5600000000000005 26.1832
1.5700000000000005 26.2595
1.5800000000000005 26.3356
1.5900000000000005 26.4115
1.6000000000000005 26.4872
1.6100000000000005 26.5249
1.6200000000000006 26.6003
1.6300000000000006 26.6754
1.6400000000000006 26.7503
1.6500000000000006 26.825
1.6600000000000006 26.8623
1.6700000000000006 26.9367
1.6800000000000006 27.0109
1.6900000000000006 27.0849
1.7000000000000006 27.1587
1.7100000000000006 27.1955
1.7200000000000006 27.269
1.7300000000000006 27.3423
1.7400000000000007 27.4154
1.7500000000000007 27.4883
1.7600000000000007 27.5247
1.7700000000000007 27.5973
1.7800000000000007 27.6697
1.7900000000000007 27.7419
1.8000000000000007 27.814
1.8100000000000007 27.8499
1.8200000000000007 27.9217
1.8300000000000007 27.9933
1.8400000000000007 28.0647
1.8500000000000008 28.1359
1.8600000000000008 28.1715
1.8700000000000008 28.2424
1.8800000000000008 28.3132
1.8900000000000008 28.3838
1.9000000000000008 28.4542
1.9100000000000008 28.4893
1.9200000000000008 28.5595
1.9300000000000008 28.6295
1.9400000000000008 28.6993
1.9500000000000008 28.7689
1.9600000000000009 28.8037
1.9700000000000009 28.8731
1.9800000000000009 28.9423
1.9900000000000009 29.0114
2.0000000000000009 29.0803
2.0100000000000007 29.149
2.0200000000000005 29.1833
2.0300000000000002 29.2518
2.04 29.3201
2.0499999999999998 29.3883
2.0599999999999996 29.4563
2.0699999999999994 29.4903
2.0799999999999992 29.5581
2.089999999999999 29.6257
2.0999999999999988 29.6932
2.1099999999999985 29.7605
2.1199999999999983 29.7941
2.1299999999999981 29.8612
2.1399999999999979 29.9281
2.1499999999999977 29.9949
2.1599999999999975 30.0615
2.1699999999999973 30.0948
2.1799999999999971 30.1612
2.1899999999999968 30.2275
2.1999999999999966 30.2936
2.2099999999999964 30.3596
2.2199999999999962 30.3925
2.229999999999996 30.4583
2.2399999999999958 30.5239
2.2499999999999956 30.5894
2.2599999999999953 30.6548
2.2699999999999951 30.6874
2.2799999999999949 30.7525
2.2899999999999947 30.8175
2.2999999999999945 30.8824
2.3099999999999943 30.9471
2.3199999999999941 30.9794
2.3299999999999939 31.044
2.3399999999999936 31.1084
2.3499999999999934 31.1726
2.3599999999999932 31.2367
2.369999999999993 31.2688
2.3799999999999928 31.3327
2.3899999999999926 31.3965
2.3999999999999924 31.4602
2.4099999999999921 31.5237
2.4199999999999919 31.5554
2.4299999999999917 31.6188
2.4399999999999915 31.682
2.4499999999999913 31.7451
2.4599999999999911 31.8081
2.4699999999999909 31.8395
2.4799999999999907 31.9023
2.4899999999999904 31.9649
2.4999999999999902 32.0275
2.50999999999999 32.0899
2.5199999999999898 32.1211
2.5299999999999896 32.1833
2.5399999999999894 32.2454
2.5499999999999892 32.3074
2.559999999999989 32.3693
2.5699999999999887 32.4002
2.5799999999999885 32.4619
2.5899999999999883 32.5234
2.5999999999999881 32.5849
2.6099999999999879 32.6463
2.6199999999999877 32.6769
2.6299999999999875 32.7381
2.6399999999999872 32.7991
2.649999999999987 32.8601
2.6599999999999868 32.9209
2.6699999999999866 32.9513
2.6799999999999864 33.012
2.6899999999999862 33.0725
2.699999999999986 33.133
2.7099999999999858 33.1933
2.7199999999999855 33.2535
2.7299999999999853 33.2836
2.7399999999999851 33.3437
2.7499999999999849 33.4036
2.7599999999999847 33.4635
2.7699999999999845 33.5232
2.7799999999999843 33.553
2.789999999999984 33.6126
2.7999999999999838 33.6721
2.8099999999999836 33.7315
2.8199999999999834 33.7907
2.8299999999999832 33.8203
2.839999999999983 33.8794
2.8499999999999828 33.9384
2.8599999999999826 33.9973
2.8699999999999823 34.0561
2.8799999999999821 34.0855
2.8899999999999819 34.1442
2.8999999999999817 34.2027
2.9099999999999815 34.2612
2.9199999999999813 34.3195
2.9299999999999811 34.3486
2.9399999999999809 34.4068
2.9499999999999806 34.465
2.9599999999999804 34.523
2.9699999999999802 34.5809
2.97999999999998 34.6098
2.9899999999999798 34.6675
2.9999999999999796 34.7252
3.0099999999999794 34.7828
3.0199999999999791 34.8403
3.0299999999999789 34.869
3.0399999999999787 34.9263
3.0499999999999785 34.9835
3.0599999999999783 35.0407
3.0699999999999781 35.0977
3.0799999999999779 35.1262
3.0899999999999777 35.1831
3.0999999999999774 35.24
3.1099999999999772 35.2967
3.119999999999977 35.3533
3.1299999999999768 35.3816
3.1399999999999766 35.4381
3.1499999999999764 35.4945
3.1599999999999762 35.5509
3.1699999999999759 35.579
3.1799999999999757 35.579
3.1899999999999755 35.6352
3.1999999999999753 35.6913
3.2099999999999751 35.7473
3.2199999999999749 35.8032
3.2299999999999747 35.8312
3.2399999999999745 35.887
3.2499999999999742 35.9427
3.259999999999974 35.9983
3.2699999999999738 35.9983
3.2799999999999736 35.9983
3.2899999999999734 36.0261
3.2999999999999732 36.0816
3.309999999999973 36.137
3.3199999999999728 36.1923
3.3299999999999725 36.2199
3.3399999999999723 36.2751
3.3499999999999721 36.3302
3.3599999999999719 36.3853
3.3699999999999717 36.4127
3.3799999999999715 36.4127
3.3899999999999713 36.4127
3.399999999999971 36.4127
3.4099999999999708 36.4127
3.4199999999999706 36.4676
3.4299999999999704 36.4951
3.4399999999999702 36.5499
3.44999999999997 36.6045
3.4599999999999698 36.6592
3.4699999999999696 36.7137
3.4799999999999693 36.7409
3.4899999999999691 36.7954
3.4999999999999689 36.8225
3.5099999999999687 36.8225
3.5199999999999685 36.8225
3.5299999999999683 36.8225
3.5399999999999681 36.8225
3.5499999999999678 36.8225
3.5599999999999676 7.5
3.5699999999999674 7.5
3.5799999999999672 7.5
3.589999999999967 7.5
3.5999999999999668 7.5
3.6099999999999666 7.5
3.6199999999999664 7.5
3.6299999999999661 7.5
3.6399999999999659 7.5
3.6499999999999657 7.63333
3.6599999999999655 7.63333
3.6699999999999653 7.63333
3.6799999999999651 7.63333
3.6899999999999649 7.63333
3.6999999999999647 7.63333
3.7099999999999644 7.76434
3.7199999999999642 8.01982
3.729999999999964 8.2673
3.7399999999999638 8.50747
3.7499999999999636 8.50747
3.7599999999999634 8.50747
3.7699999999999632 8.62501
3.7799999999999629 8.85536
3.7899999999999627 9.07979
3.7999999999999625 9.29874
3.8099999999999623 9.40628
3.8199999999999621 9.40628
3.8299999999999619 9.51259
3.8399999999999617 9.72169
3.8499999999999615 9.92634
3.8599999999999612 10.1268
3.869999999999961 10.3234
3.8799999999999608 10.3234
3.8899999999999606 10.5162
3.8999999999999604 10.6113
3.9099999999999602 10.7989
3.91999999999996 10.9833
3.9299999999999597 11.0744
3.9399999999999595 11.2543
3.9499999999999593 11.3431
3.9599999999999591 11.5188
3.9699999999999589 11.6917
3.9799999999999587 11.8622
3.9899999999999585 12.0302
3.9999999999999583 12.0302
4.009999999999958 12.1133
4.0199999999999578 12.2779
4.0299999999999576 12.4402
4.0399999999999574 12.6005
4.0499999999999572 12.6798
4.059999999999957 12.8371
4.0699999999999568 12.9924
4.0799999999999566 12.9924
4.0899999999999563 12.9924
4.0999999999999561 13.0694
4.1099999999999559 13.222
4.1199999999999557 13.3728
4.1299999999999555 13.5219
4.1399999999999553 13.6694
4.1499999999999551 13.7426
4.1599999999999548 13.8877
4.1699999999999546 13.8877
4.1799999999999544 13.8877
4.1899999999999542 14.0314
4.199999999999954 14.1026
4.2099999999999538 14.2441
4.2199999999999536 14.3842
4.2299999999999534 14.5229
4.2399999999999531 14.6603
4.2499999999999529 14.7285
4.2599999999999527 14.7964
4.2699999999999525 14.7964
4.2799999999999523 14.7964
4.2899999999999521 14.9312
4.2999999999999519 14.9982
4.3099999999999516 15.1313
4.3199999999999514 15.2632
4.3299999999999512 15.3939
4.339999999999951 15.5236
4.3499999999999508 15.588
4.3599999999999506 15.716
4.3699999999999504 15.716
4.3799999999999502 15.716
4.3899999999999499 15.7796
4.3999999999999497 15.843
4.4099999999999495 15.969
4.4199999999999493 16.094
4.4299999999999491 16.218
4.4399999999999489 16.3411
4.4499999999999487 16.4023
4.4599999999999485 16.524
4.4699999999999482 16.6448
4.479999999999948 16.6448
4.4899999999999478 16.6448
4.4999999999999476 16.6448
4.5099999999999474 16.7648
4.5199999999999472 16.8839
4.529999999999947 17.0021
4.5399999999999467 17.1195
4.5499999999999465 17.178
4.5599999999999463 17.2942
4.5699999999999461 17.4096
4.5799999999999459 17.5243
4.5899999999999457 17.5243
4.5999999999999455 17.5243
4.6099999999999453 17.5243
4.619999999999945 17.5814
4.6299999999999448 17.695
4.6399999999999446 17.8078
4.6499999999999444 17.92
4.6599999999999442 17.9758
4.669999999999944 18.0868
4.6799999999999438 18.1973
4.6899999999999435 18.307
4.6999999999999433 18.3616
4.7099999999999431 18.3616
4.7199999999999429 18.3616
4.7299999999999427 18.3616
4.7399999999999425 18.4161
4.7499999999999423 18.5245
4.7599999999999421 18.5785
4.7699999999999418 18.686
4.7799999999999416 18.7929
4.7899999999999414 18.8992
4.7999999999999412 19.0048
4.809999999999941 19.0574
4.8199999999999408 19.1623
4.8299999999999406 19.1623
4.8399999999999403 19.1623
4.8499999999999401 19.1623
4.8599999999999399 19.1623
4.8699999999999397 19.2144
4.8799999999999395 19.3184
4.8899999999999393 19.4218
4.8999999999999391 19.5246
4.9099999999999389 19.5758
4.9199999999999386 19.6779
4.9299999999999384 19.7794
4.9399999999999382 19.8804
4.949999999999938 19.9307
4.9599999999999378 19.9307
4.9699999999999376 19.9307
4.9799999999999374 19.9307
4.9899999999999372 19.9307
4.9999999999999369 19.9307
5.0099999999999367 19.9307
5.0199999999999365 7.5
5.0299999999999363 7.5
5.0399999999999361 7.5
5.0499999999999359 7.5
5.0599999999999357 7.5
5.0699999999999354 7.5
5.0799999999999352 7.5
5.089999999999935 7.5
5.0999999999999348 7.5
5.1099999999999346 7.5
5.1199999999999344 7.5
5.1299999999999342 7.5
5.139999999999934 7.63333
5.1499999999999337 7.63333
5.1599999999999335 7.63333
5.1699999999999333 7.63333
5.1799999999999331 7.63333
5.1899999999999329 7.63333
5.1999999999999327 7.76434
5.2099999999999325 7.89313
5.2199999999999322 8.14452
5.229999999999932 8.38826
5.2399999999999318 8.50747
5.2499999999999316 8.50747
5.2599999999999314 8.50747
5.2699999999999312 8.50747
5.279999999999931 8.50747
5.2899999999999308 8.50747
5.2999999999999305 8.50747
5.3099999999999303 8.62501
5.3199999999999301 8.85536
5.3299999999999299 9.07979
5.3399999999999297 9.29874
5.3499999999999295 9.40628
5.3599999999999293 9.40628
5.3699999999999291 9.40628
5.3799999999999288 9.40628
5.3899999999999286 9.40628
5.3999999999999284 9.40628
5.4099999999999282 9.40628
5.419999999999928 9.40628
5.4299999999999278 9.61772
5.4399999999999276 9.82455
5.4499999999999273 10.0271
5.4599999999999271 10.1268
5.4699999999999269 10.3234
5.4799999999999267 10.3234
5.4899999999999265 10.3234
5.4999999999999263 10.3234
5.5099999999999261 10.3234
5.5199999999999259 10.3234
5.5299999999999256 10.3234
5.5399999999999254 10.3234
5.5499999999999252 10.4202
5.559999999999925 10.6113
5.5699999999999248 10.7055
5.5799999999999246 10.8915
5.5899999999999244 10.8915
5.5999999999999241 5.44577
5.6099999999999239 5.44577
5.6199999999999237 5.44577
5.6299999999999235 5.44577
5.6399999999999233 5.44577
5.6499999999999231 5.44577
5.6599999999999229 5.44577
5.6699999999999227 5.44577
5.6799999999999224 5.44577
5.6899999999999222 5.44577
5.699999999999922 5.44577
5.7099999999999218 5.44577
5.7199999999999216 5.44577
5.7299999999999214 5.62939
5.7399999999999212 5.62939
5.749999999999921 5.62939
5.7599999999999207 5.62939
5.7699999999999205 5.62939
5.7799999999999203 5.62939
5.7899999999999201 5.62939
5.7999999999999199 5.62939
5.8099999999999197 5.62939
5.8199999999999195 5.62939
5.8299999999999192 5.62939
5.839999999999919 5.62939
5.8499999999999188 5.62939
5.8599999999999186 5.62939
5.8699999999999184 5.62939
5.8799999999999182 5.62939
5.889999999999918 5.62939
5.8999999999999178 5.62939
5.9099999999999175 5.62939
5.9199999999999173 5.62939
5.9299999999999171 5.62939
5.9399999999999169 1
5.9499999999999167 1
5.9599999999999165 1
5.9699999999999163 1
5.979999999999916 1
5.9899999999999158 1
5.9999999999999156 1
6.0099999999999154 1
6.0199999999999152 2
6.029999999999915 2
6.0399999999999148 2
6.0499999999999146 2
6.0599999999999143 2
6.0699999999999141 2
6.0799999999999139 2
6.0899999999999137 2
6.0999999999999135 2
6.1099999999999133 2.9
6.1199999999999131 2.9
6.1299999999999129 2.9
6.1399999999999126 2.9
6.1499999999999124 2.9
6.1599999999999122 2.9
6.169999999999912 2.9
6.1799999999999118 2.9
6.1899999999999116 2.9
6.1999999999999114 3.24483
6.2099999999999111 3.55301
6.2199999999999109 3.55301
6.2299999999999107 3.55301
6.2399999999999105 3.55301
6.2499999999999103 3.55301
6.2599999999999101 3.55301
6.2699999999999099 3.55301
6.2799999999999097 3.55301
6.2899999999999094 3.55301
6.2999999999999092 4.09525
6.309999999999909 4.33944
6.3199999999999088 4.33944
6.3299999999999086 4.33944
6.3399999999999084 4.33944
6.3499999999999082 4.33944
6.3599999999999079 4.33944
6.3699999999999077 4.33944
6.3799999999999075 4.33944
6.3899999999999073 4.33944
6.3999999999999071 4.78871
6.4099999999999069 5.19763
6.4199999999999067 5.19763
6.4299999999999065 5.19763
6.4399999999999062 5.19763
6.449999999999906 5.19763
6.4599999999999058 5.19763
6.4699999999999056 5.19763
6.4799999999999054 5.19763
6.4899999999999052 5.19763
6.499999999999905 5.39003
6.5099999999999048 5.75491
6.5199999999999045 6.09735
6.5299999999999043 6.09735
6.5399999999999041 6.09735
6.5499999999999039 6.09735
6.5599999999999037 6.09735
6.5699999999999035 6.09735
6.5799999999999033 6.09735
6.589999999999903 6.09735
6.5999999999999028 6.09735
6.6099999999999026 6.26135
6.6199999999999024 6.5768
6.6299999999999022 6.72885
6.639999999999902 7.02286
6.6499999999999018 7.02286
6.6599999999999016 7.02286
6.6699999999999013 7.02286
6.6799999999999011 7.02286
6.6899999999999009 7.02286
6.6999999999999007 7.02286
6.7099999999999005 7.02286
6.7199999999999003 7.02286
6.7299999999999001 7.16526
6.7399999999998998 7.44171
6.7499999999998996 7.70809
6.7599999999998994 7.96541
6.7699999999998992 7.96541
6.779999999999899 7.96541
6.7899999999998988 7.96541
6.7999999999998986 7.96541
6.8099999999998984 7.96541
6.8199999999998981 7.96541
6.8299999999998979 7.96541
6.8399999999998977 7.96541
6.8499999999998975 8.09095
6.8599999999998973 8.33628
6.8699999999998971 8.57449
6.8799999999998969 8.69112
6.8899999999998967 8.80618
6.8999999999998964 8.80618
6.9099999999998962 8.80618
6.919999999999896 8.80618
6.9299999999998958 8.80618
6.9399999999998956 8.80618
6.9499999999998954 8.80618
6.9599999999998952 8.80618
6.9699999999998949 8.91974
6.9799999999998947 9.14257
6.9899999999998945 9.25194
6.9999999999998943 9.46687
7.0099999999998941 9.46687
7.0199999999998939 9.46687
7.0299999999998937 9.46687
7.0399999999998935 9.46687
7.0499999999998932 9.46687
7.059999999999893 9.46687
7.0699999999998928 9.46687
7.0799999999998926 9.46687
7.0899999999998924 9.46687
7.0999999999998922 4.73343
7.109999999999892 4.73343
7.1199999999998917 4.73343
7.1299999999998915 4.73343
7.1399999999998913 4.73343
7.1499999999998911 4.73343
7.1599999999998909 4.73343
7.1699999999998907 4.73343
7.1799999999998905 4.73343
7.1899999999998903 4.73343
7.19999999999989 4.73343
7.2099999999998898 4.73343
7.2199999999998896 4.73343
7.2299999999998894 5.14693
7.2399999999998892 5.34122
7.249999999999889 5.34122
7.2599999999998888 5.34122
7.2699999999998886 5.34122
7.2799999999998883 5.34122
7.2899999999998881 5.34122
7.2999999999998879 5.34122
7.3099999999998877 5.34122
7.3199999999998875 5.34122
7.3299999999998873 5.70933
7.3399999999998871 5.88448
7.3499999999998868 6.21959
7.3599999999998866 6.21959
7.3699999999998864 6.21959
7.3799999999998862 6.21959
7.389999999999886 6.21959
7.3999999999998858 6.21959
7.4099999999998856 6.21959
7.4199999999998854 6.21959
7.4299999999998851 6.21959
7.4399999999998849 6.38037
7.4499999999998847 6.69007
7.4599999999998845 6.98576
7.4699999999998843 7.12891
7.4799999999998841 7.12891
7.4899999999998839 7.12891
7.4999999999998836 7.12891
7.5099999999998834 7.12891
7.5199999999998832 7.12891
7.529999999999883 7.12891
7.5399999999998828 7.12891
7.5499999999998826 7.12891
7.5599999999998824 7.40675
7.5699999999998822 7.67435
7.5799999999998819 7.93279
7.5899999999998817 8.05885
7.5999999999998815 8.05885
7.6099999999998813 8.05885
7.6199999999998811 8.05885
7.6299999999998809 8.05885
7.6399999999998807 8.05885
7.6499999999998805 8.05885
7.6599999999998802 8.05885
7.66999999999988 8.05885
7.6799999999998798 8.30514
7.6899999999998796 8.30514
7.6999999999998794 4.15257
7.7099999999998792 4.15257
7.719999999999879 4.15257
7.7299999999998787 4.15257
7.7399999999998785 4.15257
7.7499999999998783 4.15257
7.7599999999998781 4.15257
7.7699999999998779 4.15257
7.7799999999998777 4.15257
7.7899999999998775 4.15257
7.7999999999998773 4.15257
7.809999999999877 4.15257
7.8199999999998768 4.39338
7.8299999999998766 4.39338
7.8399999999998764 4.39338
7.8499999999998762 4.39338
7.859999999999876 4.39338
7.8699999999998758 4.39338
7.8799999999998755 4.39338
7.8899999999998753 4.39338
7.8999999999998751 4.39338
7.9099999999998749 4.621
7.9199999999998747 5.04413
7.9299999999998745 5.24238
7.9399999999998743 5.24238
7.9499999999998741 5.24238
7.9599999999998738 5.24238
7.9699999999998736 5.24238
7.9799999999998734 5.24238
7.9899999999998732 5.24238
7.999999999999873 5.24238
8.0099999999998737 5.24238
8.0199999999998735 5.61718
8.0299999999998732 5.96777
8.039999999999873 6.13533
8.0499999999998728 6.13533
8.0599999999998726 6.13533
8.0699999999998724 6.13533
8.0799999999998722 6.13533
8.089999999999872 6.13533
8.0999999999998717 6.13533
8.1099999999998715 6.13533
8.1199999999998713 6.13533
8.1299999999998711 6.4571
8.1399999999998709 6.76321
8.1499999999998707 6.91106
8.1599999999998705 7.05576
8.1699999999998703 7.05576
8.17999999999987 7.05576
8.1899999999998698 7.05576
8.1999999999998696 7.05576
8.2099999999998694 7.05576
8.2199999999998692 7.05576
8.229999999999869 7.05576
8.2399999999998688 7.19749
8.2499999999998685 7.33643
8.2599999999998683 7.60655
8.2699999999998681 7.86725
8.2799999999998679 7.99436
8.2899999999998677 7.99436
8.2999999999998675 7.99436
8.3099999999998673 7.99436
8.3199999999998671 7.99436
8.3299999999998668 7.99436
8.3399999999998666 7.99436
8.3499999999998664 7.99436
8.3599999999998662 7.99436
8.369999999999866 8.24261
8.3799999999998658 8.48349
8.3899999999998656 8.71763
8.3999999999998654 8.83234
8.4099999999998651 8.83234
8.4199999999998649 8.83234
8.4299999999998647 8.83234
8.4399999999998645 8.83234
8.4499999999998643 8.83234
8.4599999999998641 8.83234
8.4699999999998639 8.83234
8.4799999999998636 8.83234
8.4899999999998634 8.83234
8.4999999999998632 4.41617
8.509999999999863 4.41617
8.5199999999998628 4.41617
8.5299999999998626 4.41617
8.5399999999998624 4.41617
8.5499999999998622 4.41617
8.5599999999998619 4.41617
8.5699999999998617 4.41617
8.5799999999998615 4.41617
8.5899999999998613 4.41617
8.5999999999998611 4.41617
8.6099999999998609 4.41617
8.6199999999998607 4.64261
8.6299999999998604 4.858
8.6399999999998602 4.858
8.64999999999986 4.858
8.6599999999998598 4.858
8.6699999999998596 4.858
8.6799999999998594 4.858
8.6899999999998592 4.858
8.699999999999859 4.858
8.7099999999998587 4.858
8.7199999999998585 5.26133
8.7299999999998583 5.63483
8.7399999999998581 5.63483
8.7499999999998579 5.63483
8.7599999999998577 5.63483
8.7699999999998575 5.63483
8.7799999999998573 5.63483
8.789999999999857 5.63483
8.7999999999998568 5.63483
8.8099999999998566 5.63483
8.8199999999998564 5.8123
8.8299999999998562 6.15145
8.839999999999856 6.47239
8.8499999999998558 6.47239
8.8599999999998555 6.47239
8.8699999999998553 6.47239
8.8799999999998551 6.47239
8.8899999999998549 6.47239
8.8999999999998547 6.47239
8.9099999999998545 6.47239
8.9199999999998543 6.47239
8.9299999999998541 6.6269
8.9399999999998538 6.92534
8.9499999999998536 7.21118
8.9599999999998534 7.34986
8.9699999999998532 7.34986
8.979999999999853 7.34986
8.9899999999998528 7.34986
8.9999999999998526 7.34986
9.0099999999998523 7.34986
9.0199999999998521 7.34986
9.0299999999998519 7.34986
9.0399999999998517 7.48591
9.0499999999998515 7.75074
9.0599999999998513 8.00667
9.0699999999998511 8.13156
9.0799999999998509 8.25454
9.0899999999998506 8.25454
9.0999999999998504 8.25454
9.1099999999998502 8.25454
9.11999999999985 8.25454
9.1299999999998498 8.37569
9.1399999999998496 8.61279
9.1499999999998494 8.84346
9.1599999999998492 9.06819
9.1699999999998489 9.17847
9.1799999999998487 9.17847
9.1899999999998485 9.17847
9.1999999999998483 9.17847
9.2099999999998481 9.17847
9.2199999999998479 9.28742
9.2299999999998477 9.39509
9.2399999999998474 9.60677
9.2499999999998472 9.81385
9.259999999999847 9.91574
9.2699999999998468 10.1164
9.2799999999998466 10.1164
9.2899999999998464 10.1164
9.2999999999998462 10.1164
9.309999999999846 10.2153
9.3199999999998457 10.2153
9.3299999999998455 10.4101
9.3399999999998453 10.6014
9.3499999999998451 10.7892
9.3599999999998449 10.9738
9.3699999999998447 11.0649
9.3799999999998445 11.0649
9.3899999999998442 11.0649
9.399999999999844 11.0649
9.4099999999998438 11.1553
9.4199999999998436 11.1553
9.4299999999998434 11.2449
9.4399999999998432 11.4221
9.449999999999843 11.5965
9.4599999999998428 11.7683
9.4699999999998425 11.8533
9.4799999999998423 12.0215
9.4899999999998421 12.0215
9.4999999999998419 12.0215
9.5099999999998417 12.0215
9.5199999999998415 12.0215
9.5299999999998413 12.1046
9.5399999999998411 12.1046
9.5499999999998408 12.2693
9.5599999999998406 12.4318
9.5699999999998404 12.5122
9.5799999999998402 12.6715
9.58999999999984 12.8289
9.5999999999998398 12.9843
9.6099999999998396 12.9843
9.6199999999998393 12.9843
9.6299999999998391 12.9843
9.6399999999998389 12.9843
9.6499999999998387 12.9843
9.6599999999998385 13.0613
9.6699999999998383 13.0613
9.6799999999998381 13.0613
9.6899999999998379 6.53067
9.6999999999998376 6.53067
9.7099999999998374 6.53067
9.7199999999998372 6.53067
9.729999999999837 6.53067
9.7399999999998368 6.53067
9.7499999999998366 6.53067
9.7599999999998364 6.53067
9.7699999999998361 6.53067
9.7799999999998359 6.53067
9.7899999999998357 6.53067
9.7999999999998355 6.53067
9.8099999999998353 6.68379
9.8199999999998351 6.68379
9.8299999999998349 6.68379
9.8399999999998347 6.68379
9.8499999999998344 6.68379
9.8599999999998342 6.68379
9.869999999999834 6.68379
9.8799999999998338 6.68379
9.8899999999998336 6.68379
9.8999999999998334 6.68379
9.9099999999998332 6.68379
9.919999999999833 6.68379
9.9299999999998327 6.68379
9.9399999999998325 6.68379
9.9499999999998323 6.68379
9.9599999999998321 6.68379
9.9699999999998319 6.68379
9.9799999999998317 6.68379
9.9899999999998315 6.68379
9.9999999999998312 6.68379
